p-C101-P2C10-I4-V3.txt
2
10
20
0.5
90
10 1 2 3 4 5 6 7 8 9 10
10 11 12 13 14 15 16 17 18 19 20
3 1 2 3
3 1 2 3
1 1
3 1 2 3
5 1 2 3 4 5
2 1 2
4 1 2 3 4
2 1 2
3 1 2 3
3 1 2 3
76 38 66 32 36 40 80 39 32 78 
50 10 54 10 14 14 58 20 12 63 
76 50 
38 10 
66 54 
32 10 
36 14 
40 14 
80 58 
39 20 
32 12 
78 63 
1
3 10 10 10
3 10 10 10
1 10
3 10 10 10
5 10 10 10 10 10
2 10 10
4 10 10 10 10
2 10 10
3 10 10 10
3 10 10 10
2
3 10 10 10
3 10 10 10
1 10
3 10 10 10
5 10 10 10 10 10
2 10 10
4 10 10 10 10
2 10 10
3 10 10 10
3 10 10 10
3
3 10 10 10
3 10 10 10
1 10
3 10 10 10
5 10 10 10 10 10
2 10 10
4 10 10 10 10
2 10 10
3 10 10 10
3 10 10 10
4
3 10 10 10
3 10 10 10
1 10
3 10 10 10
5 10 10 10 10 10
2 10 10
4 10 10 10 10
2 10 10
3 10 10 10
3 10 10 10
5
3 10 10 10
3 10 10 10
1 10
3 10 10 10
5 10 10 10 10 10
2 10 10
4 10 10 10 10
2 10 10
3 10 10 10
3 10 10 10
6
3 10 10 10
3 10 10 10
1 10
3 10 10 10
5 10 10 10 10 10
2 10 10
4 10 10 10 10
2 10 10
3 10 10 10
3 10 10 10
7
3 10 10 10
3 10 10 10
1 10
3 10 10 10
5 10 10 10 10 10
2 10 10
4 10 10 10 10
2 10 10
3 10 10 10
3 10 10 10
8
3 10 10 10
3 10 10 10
1 10
3 10 10 10
5 10 10 10 10 10
2 10 10
4 10 10 10 10
2 10 10
3 10 10 10
3 10 10 10
9
3 10 10 10
3 10 10 10
1 10
3 10 10 10
5 10 10 10 10 10
2 10 10
4 10 10 10 10
2 10 10
3 10 10 10
3 10 10 10
10
3 10 10 10
3 10 10 10
1 10
3 10 10 10
5 10 10 10 10 10
2 10 10
4 10 10 10 10
2 10 10
3 10 10 10
3 10 10 10
11
3 10 10 10
3 10 10 10
1 10
3 10 10 10
5 10 10 10 10 10
2 10 10
4 10 10 10 10
2 10 10
3 10 10 10
3 10 10 10
12
3 10 10 10
3 10 10 10
1 10
3 10 10 10
5 10 10 10 10 10
2 10 10
4 10 10 10 10
2 10 10
3 10 10 10
3 10 10 10
13
3 10 10 10
3 10 10 10
1 10
3 10 10 10
5 10 10 10 10 10
2 10 10
4 10 10 10 10
2 10 10
3 10 10 10
3 10 10 10
14
3 10 10 10
3 10 10 10
1 10
3 10 10 10
5 10 10 10 10 10
2 10 10
4 10 10 10 10
2 10 10
3 10 10 10
3 10 10 10
15
3 10 10 10
3 10 10 10
1 10
3 10 10 10
5 10 10 10 10 10
2 10 10
4 10 10 10 10
2 10 10
3 10 10 10
3 10 10 10
16
3 10 10 10
3 10 10 10
1 10
3 10 10 10
5 10 10 10 10 10
2 10 10
4 10 10 10 10
2 10 10
3 10 10 10
3 10 10 10
17
3 10 10 10
3 10 10 10
1 10
3 10 10 10
5 10 10 10 10 10
2 10 10
4 10 10 10 10
2 10 10
3 10 10 10
3 10 10 10
18
3 10 10 10
3 10 10 10
1 10
3 10 10 10
5 10 10 10 10 10
2 10 10
4 10 10 10 10
2 10 10
3 10 10 10
3 10 10 10
19
3 10 10 10
3 10 10 10
1 10
3 10 10 10
5 10 10 10 10 10
2 10 10
4 10 10 10 10
2 10 10
3 10 10 10
3 10 10 10
20
3 10 10 10
3 10 10 10
1 10
3 10 10 10
5 10 10 10 10 10
2 10 10
4 10 10 10 10
2 10 10
3 10 10 10
3 10 10 10
5 5 
10 10 10 10 10 10 10 10 10 10 
810 540 630 600 600 810 600 900 810 600 
920 650 660 710 790 880 750 970 920 710 
420 420 
1080 1080 
