p-C101-P2C10-I3-V2.txt
2
10
20
30
1.5
10 1 2 3 4 5 6 7 8 9 10
10 11 12 13 14 15 16 17 18 19 20
4 1 2 3 4
3 1 2 3
5 1 2 3 4 5
4 1 2 3 4
3 1 2 3
2 1 2
4 1 2 3 4
2 1 2
3 1 2 3
1 1
0.603692 1.20185 0.5 0.339935 0.537484 0.533333 0.405518 0.333333 1.02686 1.17851 
0.825295 0.166667 1.17851 1.1494 0.968963 0.919541 1.13186 1.21335 0.339935 0.372678 
0.603692 0.825295 
1.20185 0.166667 
0.5 1.17851 
0.339935 1.1494 
0.537484 0.968963 
0.533333 0.919541 
0.405518 1.13186 
0.333333 1.21335 
1.02686 0.339935 
1.17851 0.372678 
1
4 0.166667 0.166667 0.166667 0.166667
3 0.166667 0.166667 0.166667
5 0.166667 0.166667 0.166667 0.166667 0.166667
4 0.166667 0.166667 0.166667 0.166667
3 0.166667 0.166667 0.166667
2 0.166667 0.166667
4 0.166667 0.166667 0.166667 0.166667
2 0.166667 0.166667
3 0.166667 0.166667 0.166667
1 0.166667
2
4 0.166667 0.166667 0.166667 0.166667
3 0.166667 0.166667 0.166667
5 0.166667 0.166667 0.166667 0.166667 0.166667
4 0.166667 0.166667 0.166667 0.166667
3 0.166667 0.166667 0.166667
2 0.166667 0.166667
4 0.166667 0.166667 0.166667 0.166667
2 0.166667 0.166667
3 0.166667 0.166667 0.166667
1 0.166667
3
4 0.166667 0.166667 0.166667 0.166667
3 0.166667 0.166667 0.166667
5 0.166667 0.166667 0.166667 0.166667 0.166667
4 0.166667 0.166667 0.166667 0.166667
3 0.166667 0.166667 0.166667
2 0.166667 0.166667
4 0.166667 0.166667 0.166667 0.166667
2 0.166667 0.166667
3 0.166667 0.166667 0.166667
1 0.166667
4
4 0.166667 0.166667 0.166667 0.166667
3 0.166667 0.166667 0.166667
5 0.166667 0.166667 0.166667 0.166667 0.166667
4 0.166667 0.166667 0.166667 0.166667
3 0.166667 0.166667 0.166667
2 0.166667 0.166667
4 0.166667 0.166667 0.166667 0.166667
2 0.166667 0.166667
3 0.166667 0.166667 0.166667
1 0.166667
5
4 0.166667 0.166667 0.166667 0.166667
3 0.166667 0.166667 0.166667
5 0.166667 0.166667 0.166667 0.166667 0.166667
4 0.166667 0.166667 0.166667 0.166667
3 0.166667 0.166667 0.166667
2 0.166667 0.166667
4 0.166667 0.166667 0.166667 0.166667
2 0.166667 0.166667
3 0.166667 0.166667 0.166667
1 0.166667
6
4 0.166667 0.166667 0.166667 0.166667
3 0.166667 0.166667 0.166667
5 0.166667 0.166667 0.166667 0.166667 0.166667
4 0.166667 0.166667 0.166667 0.166667
3 0.166667 0.166667 0.166667
2 0.166667 0.166667
4 0.166667 0.166667 0.166667 0.166667
2 0.166667 0.166667
3 0.166667 0.166667 0.166667
1 0.166667
7
4 0.166667 0.166667 0.166667 0.166667
3 0.166667 0.166667 0.166667
5 0.166667 0.166667 0.166667 0.166667 0.166667
4 0.166667 0.166667 0.166667 0.166667
3 0.166667 0.166667 0.166667
2 0.166667 0.166667
4 0.166667 0.166667 0.166667 0.166667
2 0.166667 0.166667
3 0.166667 0.166667 0.166667
1 0.166667
8
4 0.166667 0.166667 0.166667 0.166667
3 0.166667 0.166667 0.166667
5 0.166667 0.166667 0.166667 0.166667 0.166667
4 0.166667 0.166667 0.166667 0.166667
3 0.166667 0.166667 0.166667
2 0.166667 0.166667
4 0.166667 0.166667 0.166667 0.166667
2 0.166667 0.166667
3 0.166667 0.166667 0.166667
1 0.166667
9
4 0.166667 0.166667 0.166667 0.166667
3 0.166667 0.166667 0.166667
5 0.166667 0.166667 0.166667 0.166667 0.166667
4 0.166667 0.166667 0.166667 0.166667
3 0.166667 0.166667 0.166667
2 0.166667 0.166667
4 0.166667 0.166667 0.166667 0.166667
2 0.166667 0.166667
3 0.166667 0.166667 0.166667
1 0.166667
10
4 0.166667 0.166667 0.166667 0.166667
3 0.166667 0.166667 0.166667
5 0.166667 0.166667 0.166667 0.166667 0.166667
4 0.166667 0.166667 0.166667 0.166667
3 0.166667 0.166667 0.166667
2 0.166667 0.166667
4 0.166667 0.166667 0.166667 0.166667
2 0.166667 0.166667
3 0.166667 0.166667 0.166667
1 0.166667
11
4 0.166667 0.166667 0.166667 0.166667
3 0.166667 0.166667 0.166667
5 0.166667 0.166667 0.166667 0.166667 0.166667
4 0.166667 0.166667 0.166667 0.166667
3 0.166667 0.166667 0.166667
2 0.166667 0.166667
4 0.166667 0.166667 0.166667 0.166667
2 0.166667 0.166667
3 0.166667 0.166667 0.166667
1 0.166667
12
4 0.166667 0.166667 0.166667 0.166667
3 0.166667 0.166667 0.166667
5 0.166667 0.166667 0.166667 0.166667 0.166667
4 0.166667 0.166667 0.166667 0.166667
3 0.166667 0.166667 0.166667
2 0.166667 0.166667
4 0.166667 0.166667 0.166667 0.166667
2 0.166667 0.166667
3 0.166667 0.166667 0.166667
1 0.166667
13
4 0.166667 0.166667 0.166667 0.166667
3 0.166667 0.166667 0.166667
5 0.166667 0.166667 0.166667 0.166667 0.166667
4 0.166667 0.166667 0.166667 0.166667
3 0.166667 0.166667 0.166667
2 0.166667 0.166667
4 0.166667 0.166667 0.166667 0.166667
2 0.166667 0.166667
3 0.166667 0.166667 0.166667
1 0.166667
14
4 0.166667 0.166667 0.166667 0.166667
3 0.166667 0.166667 0.166667
5 0.166667 0.166667 0.166667 0.166667 0.166667
4 0.166667 0.166667 0.166667 0.166667
3 0.166667 0.166667 0.166667
2 0.166667 0.166667
4 0.166667 0.166667 0.166667 0.166667
2 0.166667 0.166667
3 0.166667 0.166667 0.166667
1 0.166667
15
4 0.166667 0.166667 0.166667 0.166667
3 0.166667 0.166667 0.166667
5 0.166667 0.166667 0.166667 0.166667 0.166667
4 0.166667 0.166667 0.166667 0.166667
3 0.166667 0.166667 0.166667
2 0.166667 0.166667
4 0.166667 0.166667 0.166667 0.166667
2 0.166667 0.166667
3 0.166667 0.166667 0.166667
1 0.166667
16
4 0.166667 0.166667 0.166667 0.166667
3 0.166667 0.166667 0.166667
5 0.166667 0.166667 0.166667 0.166667 0.166667
4 0.166667 0.166667 0.166667 0.166667
3 0.166667 0.166667 0.166667
2 0.166667 0.166667
4 0.166667 0.166667 0.166667 0.166667
2 0.166667 0.166667
3 0.166667 0.166667 0.166667
1 0.166667
17
4 0.166667 0.166667 0.166667 0.166667
3 0.166667 0.166667 0.166667
5 0.166667 0.166667 0.166667 0.166667 0.166667
4 0.166667 0.166667 0.166667 0.166667
3 0.166667 0.166667 0.166667
2 0.166667 0.166667
4 0.166667 0.166667 0.166667 0.166667
2 0.166667 0.166667
3 0.166667 0.166667 0.166667
1 0.166667
18
4 0.166667 0.166667 0.166667 0.166667
3 0.166667 0.166667 0.166667
5 0.166667 0.166667 0.166667 0.166667 0.166667
4 0.166667 0.166667 0.166667 0.166667
3 0.166667 0.166667 0.166667
2 0.166667 0.166667
4 0.166667 0.166667 0.166667 0.166667
2 0.166667 0.166667
3 0.166667 0.166667 0.166667
1 0.166667
19
4 0.166667 0.166667 0.166667 0.166667
3 0.166667 0.166667 0.166667
5 0.166667 0.166667 0.166667 0.166667 0.166667
4 0.166667 0.166667 0.166667 0.166667
3 0.166667 0.166667 0.166667
2 0.166667 0.166667
4 0.166667 0.166667 0.166667 0.166667
2 0.166667 0.166667
3 0.166667 0.166667 0.166667
1 0.166667
20
4 0.166667 0.166667 0.166667 0.166667
3 0.166667 0.166667 0.166667
5 0.166667 0.166667 0.166667 0.166667 0.166667
4 0.166667 0.166667 0.166667 0.166667
3 0.166667 0.166667 0.166667
2 0.166667 0.166667
4 0.166667 0.166667 0.166667 0.166667
2 0.166667 0.166667
3 0.166667 0.166667 0.166667
1 0.166667
0.0833333 0.0833333 
0.166667 0.166667 0.166667 0.166667 0.166667 0.166667 0.166667 0.166667 0.166667 0.166667 
9 9.5 8.5 9 9.5 9.5 8.5 13.5 8 10 
10.8333 10.8333 10.8333 10.8333 10.8333 10.3333 10.3333 14.3333 9.33333 10.3333 
7 7 
18 18 
