p-C101-P1C5-I3-V3.txt
1
5
10
0.5
90
10 1 2 3 4 5 6 7 8 9 10
1 1
1 1
2 1 2
2 1 2
2 1 2
72 66 36 76 61 
72 
66 
36 
76 
61 
1
1 10
1 10
2 10 10
2 10 10
2 10 10
2
1 10
1 10
2 10 10
2 10 10
2 10 10
3
1 10
1 10
2 10 10
2 10 10
2 10 10
4
1 10
1 10
2 10 10
2 10 10
2 10 10
5
1 10
1 10
2 10 10
2 10 10
2 10 10
6
1 10
1 10
2 10 10
2 10 10
2 10 10
7
1 10
1 10
2 10 10
2 10 10
2 10 10
8
1 10
1 10
2 10 10
2 10 10
2 10 10
9
1 10
1 10
2 10 10
2 10 10
2 10 10
10
1 10
1 10
2 10 10
2 10 10
2 10 10
5 
10 10 10 10 10 
930 690 600 960 600 
950 710 650 1010 650 
420 
1080 
