p-C101-P2C10-I2-V3.txt
2
10
20
0.5
90
10 1 2 3 4 5 6 7 8 9 10
10 11 12 13 14 15 16 17 18 19 20
5 1 2 3 4 5
2 1 2
3 1 2 3
4 1 2 3 4
2 1 2
3 1 2 3
1 1
4 1 2 3 4
3 1 2 3
1 1
80 72 37 78 36 41 78 70 66 33 
68 59 43 63 35 46 67 54 51 29 
80 68 
72 59 
37 43 
78 63 
36 35 
41 46 
78 67 
70 54 
66 51 
33 29 
1
5 10 10 10 10 10
2 10 10
3 10 10 10
4 10 10 10 10
2 10 10
3 10 10 10
1 10
4 10 10 10 10
3 10 10 10
1 10
2
5 10 10 10 10 10
2 10 10
3 10 10 10
4 10 10 10 10
2 10 10
3 10 10 10
1 10
4 10 10 10 10
3 10 10 10
1 10
3
5 10 10 10 10 10
2 10 10
3 10 10 10
4 10 10 10 10
2 10 10
3 10 10 10
1 10
4 10 10 10 10
3 10 10 10
1 10
4
5 10 10 10 10 10
2 10 10
3 10 10 10
4 10 10 10 10
2 10 10
3 10 10 10
1 10
4 10 10 10 10
3 10 10 10
1 10
5
5 10 10 10 10 10
2 10 10
3 10 10 10
4 10 10 10 10
2 10 10
3 10 10 10
1 10
4 10 10 10 10
3 10 10 10
1 10
6
5 10 10 10 10 10
2 10 10
3 10 10 10
4 10 10 10 10
2 10 10
3 10 10 10
1 10
4 10 10 10 10
3 10 10 10
1 10
7
5 10 10 10 10 10
2 10 10
3 10 10 10
4 10 10 10 10
2 10 10
3 10 10 10
1 10
4 10 10 10 10
3 10 10 10
1 10
8
5 10 10 10 10 10
2 10 10
3 10 10 10
4 10 10 10 10
2 10 10
3 10 10 10
1 10
4 10 10 10 10
3 10 10 10
1 10
9
5 10 10 10 10 10
2 10 10
3 10 10 10
4 10 10 10 10
2 10 10
3 10 10 10
1 10
4 10 10 10 10
3 10 10 10
1 10
10
5 10 10 10 10 10
2 10 10
3 10 10 10
4 10 10 10 10
2 10 10
3 10 10 10
1 10
4 10 10 10 10
3 10 10 10
1 10
11
5 10 10 10 10 10
2 10 10
3 10 10 10
4 10 10 10 10
2 10 10
3 10 10 10
1 10
4 10 10 10 10
3 10 10 10
1 10
12
5 10 10 10 10 10
2 10 10
3 10 10 10
4 10 10 10 10
2 10 10
3 10 10 10
1 10
4 10 10 10 10
3 10 10 10
1 10
13
5 10 10 10 10 10
2 10 10
3 10 10 10
4 10 10 10 10
2 10 10
3 10 10 10
1 10
4 10 10 10 10
3 10 10 10
1 10
14
5 10 10 10 10 10
2 10 10
3 10 10 10
4 10 10 10 10
2 10 10
3 10 10 10
1 10
4 10 10 10 10
3 10 10 10
1 10
15
5 10 10 10 10 10
2 10 10
3 10 10 10
4 10 10 10 10
2 10 10
3 10 10 10
1 10
4 10 10 10 10
3 10 10 10
1 10
16
5 10 10 10 10 10
2 10 10
3 10 10 10
4 10 10 10 10
2 10 10
3 10 10 10
1 10
4 10 10 10 10
3 10 10 10
1 10
17
5 10 10 10 10 10
2 10 10
3 10 10 10
4 10 10 10 10
2 10 10
3 10 10 10
1 10
4 10 10 10 10
3 10 10 10
1 10
18
5 10 10 10 10 10
2 10 10
3 10 10 10
4 10 10 10 10
2 10 10
3 10 10 10
1 10
4 10 10 10 10
3 10 10 10
1 10
19
5 10 10 10 10 10
2 10 10
3 10 10 10
4 10 10 10 10
2 10 10
3 10 10 10
1 10
4 10 10 10 10
3 10 10 10
1 10
20
5 10 10 10 10 10
2 10 10
3 10 10 10
4 10 10 10 10
2 10 10
3 10 10 10
1 10
4 10 10 10 10
3 10 10 10
1 10
5 5 
10 10 10 10 10 10 10 10 10 10 
570 630 630 870 540 540 480 570 510 510 
660 660 680 940 570 590 490 640 560 520 
420 420 
1080 1080 
