p-C101-P3C15-I2-V3.txt
3
15
30
0.5
90
10 1 2 3 4 5 6 7 8 9 10
10 11 12 13 14 15 16 17 18 19 20
10 21 22 23 24 25 26 27 28 29 30
5 1 2 3 4 5
2 1 2
3 1 2 3
4 1 2 3 4
2 1 2
1 1
1 1
1 1
2 1 2
4 1 2 3 4
1 1
1 1
4 1 2 3 4
4 1 2 3 4
1 1
32 36 40 76 32 66 30 30 61 78 33 78 24 80 36 
40 39 43 70 37 55 38 10 52 67 33 71 5 72 43 
10 14 14 50 12 54 11 56 47 63 21 54 49 58 7 
32 40 10 
36 39 14 
40 43 14 
76 70 50 
32 37 12 
66 55 54 
30 38 11 
30 10 56 
61 52 47 
78 67 63 
33 33 21 
78 71 54 
24 5 49 
80 72 58 
36 43 7 
1
5 10 10 10 10 10
2 10 10
3 10 10 10
4 10 10 10 10
2 10 10
1 10
1 10
1 10
2 10 10
4 10 10 10 10
1 10
1 10
4 10 10 10 10
4 10 10 10 10
1 10
2
5 10 10 10 10 10
2 10 10
3 10 10 10
4 10 10 10 10
2 10 10
1 10
1 10
1 10
2 10 10
4 10 10 10 10
1 10
1 10
4 10 10 10 10
4 10 10 10 10
1 10
3
5 10 10 10 10 10
2 10 10
3 10 10 10
4 10 10 10 10
2 10 10
1 10
1 10
1 10
2 10 10
4 10 10 10 10
1 10
1 10
4 10 10 10 10
4 10 10 10 10
1 10
4
5 10 10 10 10 10
2 10 10
3 10 10 10
4 10 10 10 10
2 10 10
1 10
1 10
1 10
2 10 10
4 10 10 10 10
1 10
1 10
4 10 10 10 10
4 10 10 10 10
1 10
5
5 10 10 10 10 10
2 10 10
3 10 10 10
4 10 10 10 10
2 10 10
1 10
1 10
1 10
2 10 10
4 10 10 10 10
1 10
1 10
4 10 10 10 10
4 10 10 10 10
1 10
6
5 10 10 10 10 10
2 10 10
3 10 10 10
4 10 10 10 10
2 10 10
1 10
1 10
1 10
2 10 10
4 10 10 10 10
1 10
1 10
4 10 10 10 10
4 10 10 10 10
1 10
7
5 10 10 10 10 10
2 10 10
3 10 10 10
4 10 10 10 10
2 10 10
1 10
1 10
1 10
2 10 10
4 10 10 10 10
1 10
1 10
4 10 10 10 10
4 10 10 10 10
1 10
8
5 10 10 10 10 10
2 10 10
3 10 10 10
4 10 10 10 10
2 10 10
1 10
1 10
1 10
2 10 10
4 10 10 10 10
1 10
1 10
4 10 10 10 10
4 10 10 10 10
1 10
9
5 10 10 10 10 10
2 10 10
3 10 10 10
4 10 10 10 10
2 10 10
1 10
1 10
1 10
2 10 10
4 10 10 10 10
1 10
1 10
4 10 10 10 10
4 10 10 10 10
1 10
10
5 10 10 10 10 10
2 10 10
3 10 10 10
4 10 10 10 10
2 10 10
1 10
1 10
1 10
2 10 10
4 10 10 10 10
1 10
1 10
4 10 10 10 10
4 10 10 10 10
1 10
11
5 10 10 10 10 10
2 10 10
3 10 10 10
4 10 10 10 10
2 10 10
1 10
1 10
1 10
2 10 10
4 10 10 10 10
1 10
1 10
4 10 10 10 10
4 10 10 10 10
1 10
12
5 10 10 10 10 10
2 10 10
3 10 10 10
4 10 10 10 10
2 10 10
1 10
1 10
1 10
2 10 10
4 10 10 10 10
1 10
1 10
4 10 10 10 10
4 10 10 10 10
1 10
13
5 10 10 10 10 10
2 10 10
3 10 10 10
4 10 10 10 10
2 10 10
1 10
1 10
1 10
2 10 10
4 10 10 10 10
1 10
1 10
4 10 10 10 10
4 10 10 10 10
1 10
14
5 10 10 10 10 10
2 10 10
3 10 10 10
4 10 10 10 10
2 10 10
1 10
1 10
1 10
2 10 10
4 10 10 10 10
1 10
1 10
4 10 10 10 10
4 10 10 10 10
1 10
15
5 10 10 10 10 10
2 10 10
3 10 10 10
4 10 10 10 10
2 10 10
1 10
1 10
1 10
2 10 10
4 10 10 10 10
1 10
1 10
4 10 10 10 10
4 10 10 10 10
1 10
16
5 10 10 10 10 10
2 10 10
3 10 10 10
4 10 10 10 10
2 10 10
1 10
1 10
1 10
2 10 10
4 10 10 10 10
1 10
1 10
4 10 10 10 10
4 10 10 10 10
1 10
17
5 10 10 10 10 10
2 10 10
3 10 10 10
4 10 10 10 10
2 10 10
1 10
1 10
1 10
2 10 10
4 10 10 10 10
1 10
1 10
4 10 10 10 10
4 10 10 10 10
1 10
18
5 10 10 10 10 10
2 10 10
3 10 10 10
4 10 10 10 10
2 10 10
1 10
1 10
1 10
2 10 10
4 10 10 10 10
1 10
1 10
4 10 10 10 10
4 10 10 10 10
1 10
19
5 10 10 10 10 10
2 10 10
3 10 10 10
4 10 10 10 10
2 10 10
1 10
1 10
1 10
2 10 10
4 10 10 10 10
1 10
1 10
4 10 10 10 10
4 10 10 10 10
1 10
20
5 10 10 10 10 10
2 10 10
3 10 10 10
4 10 10 10 10
2 10 10
1 10
1 10
1 10
2 10 10
4 10 10 10 10
1 10
1 10
4 10 10 10 10
4 10 10 10 10
1 10
21
5 10 10 10 10 10
2 10 10
3 10 10 10
4 10 10 10 10
2 10 10
1 10
1 10
1 10
2 10 10
4 10 10 10 10
1 10
1 10
4 10 10 10 10
4 10 10 10 10
1 10
22
5 10 10 10 10 10
2 10 10
3 10 10 10
4 10 10 10 10
2 10 10
1 10
1 10
1 10
2 10 10
4 10 10 10 10
1 10
1 10
4 10 10 10 10
4 10 10 10 10
1 10
23
5 10 10 10 10 10
2 10 10
3 10 10 10
4 10 10 10 10
2 10 10
1 10
1 10
1 10
2 10 10
4 10 10 10 10
1 10
1 10
4 10 10 10 10
4 10 10 10 10
1 10
24
5 10 10 10 10 10
2 10 10
3 10 10 10
4 10 10 10 10
2 10 10
1 10
1 10
1 10
2 10 10
4 10 10 10 10
1 10
1 10
4 10 10 10 10
4 10 10 10 10
1 10
25
5 10 10 10 10 10
2 10 10
3 10 10 10
4 10 10 10 10
2 10 10
1 10
1 10
1 10
2 10 10
4 10 10 10 10
1 10
1 10
4 10 10 10 10
4 10 10 10 10
1 10
26
5 10 10 10 10 10
2 10 10
3 10 10 10
4 10 10 10 10
2 10 10
1 10
1 10
1 10
2 10 10
4 10 10 10 10
1 10
1 10
4 10 10 10 10
4 10 10 10 10
1 10
27
5 10 10 10 10 10
2 10 10
3 10 10 10
4 10 10 10 10
2 10 10
1 10
1 10
1 10
2 10 10
4 10 10 10 10
1 10
1 10
4 10 10 10 10
4 10 10 10 10
1 10
28
5 10 10 10 10 10
2 10 10
3 10 10 10
4 10 10 10 10
2 10 10
1 10
1 10
1 10
2 10 10
4 10 10 10 10
1 10
1 10
4 10 10 10 10
4 10 10 10 10
1 10
29
5 10 10 10 10 10
2 10 10
3 10 10 10
4 10 10 10 10
2 10 10
1 10
1 10
1 10
2 10 10
4 10 10 10 10
1 10
1 10
4 10 10 10 10
4 10 10 10 10
1 10
30
5 10 10 10 10 10
2 10 10
3 10 10 10
4 10 10 10 10
2 10 10
1 10
1 10
1 10
2 10 10
4 10 10 10 10
1 10
1 10
4 10 10 10 10
4 10 10 10 10
1 10
5 5 5 
10 10 10 10 10 10 10 10 10 10 10 10 10 10 10 
600 840 660 630 930 660 630 600 930 570 660 990 600 900 510 
690 870 710 700 960 670 640 610 960 640 670 1000 670 970 520 
420 420 420 
1080 1080 1080 
