p-C101-P1C8-I3-V1.txt
1
8
10
0.5
90
10 1 2 3 4 5 6 7 8 9 10
3 1 2 3
4 1 2 3 4
2 1 2
3 1 2 3
5 1 2 3 4 5
3 1 2 3
3 1 2 3
3 1 2 3
39 20 30 36 32 40 20 66 
39 
20 
30 
36 
32 
40 
20 
66 
1
3 10 10 10
4 10 10 10 10
2 10 10
3 10 10 10
5 10 10 10 10 10
3 10 10 10
3 10 10 10
3 10 10 10
2
3 10 10 10
4 10 10 10 10
2 10 10
3 10 10 10
5 10 10 10 10 10
3 10 10 10
3 10 10 10
3 10 10 10
3
3 10 10 10
4 10 10 10 10
2 10 10
3 10 10 10
5 10 10 10 10 10
3 10 10 10
3 10 10 10
3 10 10 10
4
3 10 10 10
4 10 10 10 10
2 10 10
3 10 10 10
5 10 10 10 10 10
3 10 10 10
3 10 10 10
3 10 10 10
5
3 10 10 10
4 10 10 10 10
2 10 10
3 10 10 10
5 10 10 10 10 10
3 10 10 10
3 10 10 10
3 10 10 10
6
3 10 10 10
4 10 10 10 10
2 10 10
3 10 10 10
5 10 10 10 10 10
3 10 10 10
3 10 10 10
3 10 10 10
7
3 10 10 10
4 10 10 10 10
2 10 10
3 10 10 10
5 10 10 10 10 10
3 10 10 10
3 10 10 10
3 10 10 10
8
3 10 10 10
4 10 10 10 10
2 10 10
3 10 10 10
5 10 10 10 10 10
3 10 10 10
3 10 10 10
3 10 10 10
9
3 10 10 10
4 10 10 10 10
2 10 10
3 10 10 10
5 10 10 10 10 10
3 10 10 10
3 10 10 10
3 10 10 10
10
3 10 10 10
4 10 10 10 10
2 10 10
3 10 10 10
5 10 10 10 10 10
3 10 10 10
3 10 10 10
3 10 10 10
5 
10 10 10 10 10 10 10 10 
480 600 960 870 570 510 540 510 
560 710 1010 950 710 590 620 590 
420 
1080 
