p-C101-P2C15-I4-V2.txt
2
15
20
0.5
90
10 1 2 3 4 5 6 7 8 9 10
10 11 12 13 14 15 16 17 18 19 20
4 1 2 3 4
2 1 2
3 1 2 3
1 1
3 1 2 3
4 1 2 3 4
2 1 2
2 1 2
2 1 2
1 1
4 1 2 3 4
4 1 2 3 4
4 1 2 3 4
2 1 2
5 1 2 3 4 5
70 36 32 78 20 61 38 33 30 24 40 41 80 32 20 
53 49 46 70 10 50 48 37 45 7 47 56 70 43 10 
70 53 
36 49 
32 46 
78 70 
20 10 
61 50 
38 48 
33 37 
30 45 
24 7 
40 47 
41 56 
80 70 
32 43 
20 10 
1
4 10 10 10 10
2 10 10
3 10 10 10
1 10
3 10 10 10
4 10 10 10 10
2 10 10
2 10 10
2 10 10
1 10
4 10 10 10 10
4 10 10 10 10
4 10 10 10 10
2 10 10
5 10 10 10 10 10
2
4 10 10 10 10
2 10 10
3 10 10 10
1 10
3 10 10 10
4 10 10 10 10
2 10 10
2 10 10
2 10 10
1 10
4 10 10 10 10
4 10 10 10 10
4 10 10 10 10
2 10 10
5 10 10 10 10 10
3
4 10 10 10 10
2 10 10
3 10 10 10
1 10
3 10 10 10
4 10 10 10 10
2 10 10
2 10 10
2 10 10
1 10
4 10 10 10 10
4 10 10 10 10
4 10 10 10 10
2 10 10
5 10 10 10 10 10
4
4 10 10 10 10
2 10 10
3 10 10 10
1 10
3 10 10 10
4 10 10 10 10
2 10 10
2 10 10
2 10 10
1 10
4 10 10 10 10
4 10 10 10 10
4 10 10 10 10
2 10 10
5 10 10 10 10 10
5
4 10 10 10 10
2 10 10
3 10 10 10
1 10
3 10 10 10
4 10 10 10 10
2 10 10
2 10 10
2 10 10
1 10
4 10 10 10 10
4 10 10 10 10
4 10 10 10 10
2 10 10
5 10 10 10 10 10
6
4 10 10 10 10
2 10 10
3 10 10 10
1 10
3 10 10 10
4 10 10 10 10
2 10 10
2 10 10
2 10 10
1 10
4 10 10 10 10
4 10 10 10 10
4 10 10 10 10
2 10 10
5 10 10 10 10 10
7
4 10 10 10 10
2 10 10
3 10 10 10
1 10
3 10 10 10
4 10 10 10 10
2 10 10
2 10 10
2 10 10
1 10
4 10 10 10 10
4 10 10 10 10
4 10 10 10 10
2 10 10
5 10 10 10 10 10
8
4 10 10 10 10
2 10 10
3 10 10 10
1 10
3 10 10 10
4 10 10 10 10
2 10 10
2 10 10
2 10 10
1 10
4 10 10 10 10
4 10 10 10 10
4 10 10 10 10
2 10 10
5 10 10 10 10 10
9
4 10 10 10 10
2 10 10
3 10 10 10
1 10
3 10 10 10
4 10 10 10 10
2 10 10
2 10 10
2 10 10
1 10
4 10 10 10 10
4 10 10 10 10
4 10 10 10 10
2 10 10
5 10 10 10 10 10
10
4 10 10 10 10
2 10 10
3 10 10 10
1 10
3 10 10 10
4 10 10 10 10
2 10 10
2 10 10
2 10 10
1 10
4 10 10 10 10
4 10 10 10 10
4 10 10 10 10
2 10 10
5 10 10 10 10 10
11
4 10 10 10 10
2 10 10
3 10 10 10
1 10
3 10 10 10
4 10 10 10 10
2 10 10
2 10 10
2 10 10
1 10
4 10 10 10 10
4 10 10 10 10
4 10 10 10 10
2 10 10
5 10 10 10 10 10
12
4 10 10 10 10
2 10 10
3 10 10 10
1 10
3 10 10 10
4 10 10 10 10
2 10 10
2 10 10
2 10 10
1 10
4 10 10 10 10
4 10 10 10 10
4 10 10 10 10
2 10 10
5 10 10 10 10 10
13
4 10 10 10 10
2 10 10
3 10 10 10
1 10
3 10 10 10
4 10 10 10 10
2 10 10
2 10 10
2 10 10
1 10
4 10 10 10 10
4 10 10 10 10
4 10 10 10 10
2 10 10
5 10 10 10 10 10
14
4 10 10 10 10
2 10 10
3 10 10 10
1 10
3 10 10 10
4 10 10 10 10
2 10 10
2 10 10
2 10 10
1 10
4 10 10 10 10
4 10 10 10 10
4 10 10 10 10
2 10 10
5 10 10 10 10 10
15
4 10 10 10 10
2 10 10
3 10 10 10
1 10
3 10 10 10
4 10 10 10 10
2 10 10
2 10 10
2 10 10
1 10
4 10 10 10 10
4 10 10 10 10
4 10 10 10 10
2 10 10
5 10 10 10 10 10
16
4 10 10 10 10
2 10 10
3 10 10 10
1 10
3 10 10 10
4 10 10 10 10
2 10 10
2 10 10
2 10 10
1 10
4 10 10 10 10
4 10 10 10 10
4 10 10 10 10
2 10 10
5 10 10 10 10 10
17
4 10 10 10 10
2 10 10
3 10 10 10
1 10
3 10 10 10
4 10 10 10 10
2 10 10
2 10 10
2 10 10
1 10
4 10 10 10 10
4 10 10 10 10
4 10 10 10 10
2 10 10
5 10 10 10 10 10
18
4 10 10 10 10
2 10 10
3 10 10 10
1 10
3 10 10 10
4 10 10 10 10
2 10 10
2 10 10
2 10 10
1 10
4 10 10 10 10
4 10 10 10 10
4 10 10 10 10
2 10 10
5 10 10 10 10 10
19
4 10 10 10 10
2 10 10
3 10 10 10
1 10
3 10 10 10
4 10 10 10 10
2 10 10
2 10 10
2 10 10
1 10
4 10 10 10 10
4 10 10 10 10
4 10 10 10 10
2 10 10
5 10 10 10 10 10
20
4 10 10 10 10
2 10 10
3 10 10 10
1 10
3 10 10 10
4 10 10 10 10
2 10 10
2 10 10
2 10 10
1 10
4 10 10 10 10
4 10 10 10 10
4 10 10 10 10
2 10 10
5 10 10 10 10 10
5 5 
10 10 10 10 10 10 10 10 10 10 10 10 10 10 10 
570 480 840 960 600 810 570 570 540 660 480 540 540 600 630 
720 550 950 990 710 960 640 640 610 690 630 690 690 670 820 
420 420 
1080 1080 
