p-C101-P2C15-I2-V2.txt
2
15
20
0.5
90
10 1 2 3 4 5 6 7 8 9 10
10 11 12 13 14 15 16 17 18 19 20
3 1 2 3
4 1 2 3 4
2 1 2
3 1 2 3
1 1
2 1 2
4 1 2 3 4
3 1 2 3
4 1 2 3 4
4 1 2 3 4
2 1 2
4 1 2 3 4
5 1 2 3 4 5
5 1 2 3 4 5
1 1
20 80 61 32 26 20 36 36 30 32 40 66 72 24 70 
43 60 48 10 42 46 14 6 51 7 14 55 55 46 61 
20 43 
80 60 
61 48 
32 10 
26 42 
20 46 
36 14 
36 6 
30 51 
32 7 
40 14 
66 55 
72 55 
24 46 
70 61 
1
3 10 10 10
4 10 10 10 10
2 10 10
3 10 10 10
1 10
2 10 10
4 10 10 10 10
3 10 10 10
4 10 10 10 10
4 10 10 10 10
2 10 10
4 10 10 10 10
5 10 10 10 10 10
5 10 10 10 10 10
1 10
2
3 10 10 10
4 10 10 10 10
2 10 10
3 10 10 10
1 10
2 10 10
4 10 10 10 10
3 10 10 10
4 10 10 10 10
4 10 10 10 10
2 10 10
4 10 10 10 10
5 10 10 10 10 10
5 10 10 10 10 10
1 10
3
3 10 10 10
4 10 10 10 10
2 10 10
3 10 10 10
1 10
2 10 10
4 10 10 10 10
3 10 10 10
4 10 10 10 10
4 10 10 10 10
2 10 10
4 10 10 10 10
5 10 10 10 10 10
5 10 10 10 10 10
1 10
4
3 10 10 10
4 10 10 10 10
2 10 10
3 10 10 10
1 10
2 10 10
4 10 10 10 10
3 10 10 10
4 10 10 10 10
4 10 10 10 10
2 10 10
4 10 10 10 10
5 10 10 10 10 10
5 10 10 10 10 10
1 10
5
3 10 10 10
4 10 10 10 10
2 10 10
3 10 10 10
1 10
2 10 10
4 10 10 10 10
3 10 10 10
4 10 10 10 10
4 10 10 10 10
2 10 10
4 10 10 10 10
5 10 10 10 10 10
5 10 10 10 10 10
1 10
6
3 10 10 10
4 10 10 10 10
2 10 10
3 10 10 10
1 10
2 10 10
4 10 10 10 10
3 10 10 10
4 10 10 10 10
4 10 10 10 10
2 10 10
4 10 10 10 10
5 10 10 10 10 10
5 10 10 10 10 10
1 10
7
3 10 10 10
4 10 10 10 10
2 10 10
3 10 10 10
1 10
2 10 10
4 10 10 10 10
3 10 10 10
4 10 10 10 10
4 10 10 10 10
2 10 10
4 10 10 10 10
5 10 10 10 10 10
5 10 10 10 10 10
1 10
8
3 10 10 10
4 10 10 10 10
2 10 10
3 10 10 10
1 10
2 10 10
4 10 10 10 10
3 10 10 10
4 10 10 10 10
4 10 10 10 10
2 10 10
4 10 10 10 10
5 10 10 10 10 10
5 10 10 10 10 10
1 10
9
3 10 10 10
4 10 10 10 10
2 10 10
3 10 10 10
1 10
2 10 10
4 10 10 10 10
3 10 10 10
4 10 10 10 10
4 10 10 10 10
2 10 10
4 10 10 10 10
5 10 10 10 10 10
5 10 10 10 10 10
1 10
10
3 10 10 10
4 10 10 10 10
2 10 10
3 10 10 10
1 10
2 10 10
4 10 10 10 10
3 10 10 10
4 10 10 10 10
4 10 10 10 10
2 10 10
4 10 10 10 10
5 10 10 10 10 10
5 10 10 10 10 10
1 10
11
3 10 10 10
4 10 10 10 10
2 10 10
3 10 10 10
1 10
2 10 10
4 10 10 10 10
3 10 10 10
4 10 10 10 10
4 10 10 10 10
2 10 10
4 10 10 10 10
5 10 10 10 10 10
5 10 10 10 10 10
1 10
12
3 10 10 10
4 10 10 10 10
2 10 10
3 10 10 10
1 10
2 10 10
4 10 10 10 10
3 10 10 10
4 10 10 10 10
4 10 10 10 10
2 10 10
4 10 10 10 10
5 10 10 10 10 10
5 10 10 10 10 10
1 10
13
3 10 10 10
4 10 10 10 10
2 10 10
3 10 10 10
1 10
2 10 10
4 10 10 10 10
3 10 10 10
4 10 10 10 10
4 10 10 10 10
2 10 10
4 10 10 10 10
5 10 10 10 10 10
5 10 10 10 10 10
1 10
14
3 10 10 10
4 10 10 10 10
2 10 10
3 10 10 10
1 10
2 10 10
4 10 10 10 10
3 10 10 10
4 10 10 10 10
4 10 10 10 10
2 10 10
4 10 10 10 10
5 10 10 10 10 10
5 10 10 10 10 10
1 10
15
3 10 10 10
4 10 10 10 10
2 10 10
3 10 10 10
1 10
2 10 10
4 10 10 10 10
3 10 10 10
4 10 10 10 10
4 10 10 10 10
2 10 10
4 10 10 10 10
5 10 10 10 10 10
5 10 10 10 10 10
1 10
16
3 10 10 10
4 10 10 10 10
2 10 10
3 10 10 10
1 10
2 10 10
4 10 10 10 10
3 10 10 10
4 10 10 10 10
4 10 10 10 10
2 10 10
4 10 10 10 10
5 10 10 10 10 10
5 10 10 10 10 10
1 10
17
3 10 10 10
4 10 10 10 10
2 10 10
3 10 10 10
1 10
2 10 10
4 10 10 10 10
3 10 10 10
4 10 10 10 10
4 10 10 10 10
2 10 10
4 10 10 10 10
5 10 10 10 10 10
5 10 10 10 10 10
1 10
18
3 10 10 10
4 10 10 10 10
2 10 10
3 10 10 10
1 10
2 10 10
4 10 10 10 10
3 10 10 10
4 10 10 10 10
4 10 10 10 10
2 10 10
4 10 10 10 10
5 10 10 10 10 10
5 10 10 10 10 10
1 10
19
3 10 10 10
4 10 10 10 10
2 10 10
3 10 10 10
1 10
2 10 10
4 10 10 10 10
3 10 10 10
4 10 10 10 10
4 10 10 10 10
2 10 10
4 10 10 10 10
5 10 10 10 10 10
5 10 10 10 10 10
1 10
20
3 10 10 10
4 10 10 10 10
2 10 10
3 10 10 10
1 10
2 10 10
4 10 10 10 10
3 10 10 10
4 10 10 10 10
4 10 10 10 10
2 10 10
4 10 10 10 10
5 10 10 10 10 10
5 10 10 10 10 10
1 10
5 5 
10 10 10 10 10 10 10 10 10 10 10 10 10 10 10 
570 600 600 810 960 540 840 480 480 600 630 510 540 840 810 
620 670 630 860 970 570 910 530 550 670 660 580 630 930 820 
420 420 
1080 1080 
