p-C101-P2C15-I2-V1.txt
2
15
20
0.5
90
10 1 2 3 4 5 6 7 8 9 10
10 11 12 13 14 15 16 17 18 19 20
5 1 2 3 4 5
4 1 2 3 4
3 1 2 3
4 1 2 3 4
1 1
1 1
4 1 2 3 4
5 1 2 3 4 5
1 1
4 1 2 3 4
1 1
1 1
2 1 2
2 1 2
2 1 2
40 76 26 30 72 36 78 30 41 32 24 66 36 78 37 
43 70 10 38 63 43 67 10 50 40 5 55 39 71 46 
40 43 
76 70 
26 10 
30 38 
72 63 
36 43 
78 67 
30 10 
41 50 
32 40 
24 5 
66 55 
36 39 
78 71 
37 46 
1
5 10 10 10 10 10
4 10 10 10 10
3 10 10 10
4 10 10 10 10
1 10
1 10
4 10 10 10 10
5 10 10 10 10 10
1 10
4 10 10 10 10
1 10
1 10
2 10 10
2 10 10
2 10 10
2
5 10 10 10 10 10
4 10 10 10 10
3 10 10 10
4 10 10 10 10
1 10
1 10
4 10 10 10 10
5 10 10 10 10 10
1 10
4 10 10 10 10
1 10
1 10
2 10 10
2 10 10
2 10 10
3
5 10 10 10 10 10
4 10 10 10 10
3 10 10 10
4 10 10 10 10
1 10
1 10
4 10 10 10 10
5 10 10 10 10 10
1 10
4 10 10 10 10
1 10
1 10
2 10 10
2 10 10
2 10 10
4
5 10 10 10 10 10
4 10 10 10 10
3 10 10 10
4 10 10 10 10
1 10
1 10
4 10 10 10 10
5 10 10 10 10 10
1 10
4 10 10 10 10
1 10
1 10
2 10 10
2 10 10
2 10 10
5
5 10 10 10 10 10
4 10 10 10 10
3 10 10 10
4 10 10 10 10
1 10
1 10
4 10 10 10 10
5 10 10 10 10 10
1 10
4 10 10 10 10
1 10
1 10
2 10 10
2 10 10
2 10 10
6
5 10 10 10 10 10
4 10 10 10 10
3 10 10 10
4 10 10 10 10
1 10
1 10
4 10 10 10 10
5 10 10 10 10 10
1 10
4 10 10 10 10
1 10
1 10
2 10 10
2 10 10
2 10 10
7
5 10 10 10 10 10
4 10 10 10 10
3 10 10 10
4 10 10 10 10
1 10
1 10
4 10 10 10 10
5 10 10 10 10 10
1 10
4 10 10 10 10
1 10
1 10
2 10 10
2 10 10
2 10 10
8
5 10 10 10 10 10
4 10 10 10 10
3 10 10 10
4 10 10 10 10
1 10
1 10
4 10 10 10 10
5 10 10 10 10 10
1 10
4 10 10 10 10
1 10
1 10
2 10 10
2 10 10
2 10 10
9
5 10 10 10 10 10
4 10 10 10 10
3 10 10 10
4 10 10 10 10
1 10
1 10
4 10 10 10 10
5 10 10 10 10 10
1 10
4 10 10 10 10
1 10
1 10
2 10 10
2 10 10
2 10 10
10
5 10 10 10 10 10
4 10 10 10 10
3 10 10 10
4 10 10 10 10
1 10
1 10
4 10 10 10 10
5 10 10 10 10 10
1 10
4 10 10 10 10
1 10
1 10
2 10 10
2 10 10
2 10 10
11
5 10 10 10 10 10
4 10 10 10 10
3 10 10 10
4 10 10 10 10
1 10
1 10
4 10 10 10 10
5 10 10 10 10 10
1 10
4 10 10 10 10
1 10
1 10
2 10 10
2 10 10
2 10 10
12
5 10 10 10 10 10
4 10 10 10 10
3 10 10 10
4 10 10 10 10
1 10
1 10
4 10 10 10 10
5 10 10 10 10 10
1 10
4 10 10 10 10
1 10
1 10
2 10 10
2 10 10
2 10 10
13
5 10 10 10 10 10
4 10 10 10 10
3 10 10 10
4 10 10 10 10
1 10
1 10
4 10 10 10 10
5 10 10 10 10 10
1 10
4 10 10 10 10
1 10
1 10
2 10 10
2 10 10
2 10 10
14
5 10 10 10 10 10
4 10 10 10 10
3 10 10 10
4 10 10 10 10
1 10
1 10
4 10 10 10 10
5 10 10 10 10 10
1 10
4 10 10 10 10
1 10
1 10
2 10 10
2 10 10
2 10 10
15
5 10 10 10 10 10
4 10 10 10 10
3 10 10 10
4 10 10 10 10
1 10
1 10
4 10 10 10 10
5 10 10 10 10 10
1 10
4 10 10 10 10
1 10
1 10
2 10 10
2 10 10
2 10 10
16
5 10 10 10 10 10
4 10 10 10 10
3 10 10 10
4 10 10 10 10
1 10
1 10
4 10 10 10 10
5 10 10 10 10 10
1 10
4 10 10 10 10
1 10
1 10
2 10 10
2 10 10
2 10 10
17
5 10 10 10 10 10
4 10 10 10 10
3 10 10 10
4 10 10 10 10
1 10
1 10
4 10 10 10 10
5 10 10 10 10 10
1 10
4 10 10 10 10
1 10
1 10
2 10 10
2 10 10
2 10 10
18
5 10 10 10 10 10
4 10 10 10 10
3 10 10 10
4 10 10 10 10
1 10
1 10
4 10 10 10 10
5 10 10 10 10 10
1 10
4 10 10 10 10
1 10
1 10
2 10 10
2 10 10
2 10 10
19
5 10 10 10 10 10
4 10 10 10 10
3 10 10 10
4 10 10 10 10
1 10
1 10
4 10 10 10 10
5 10 10 10 10 10
1 10
4 10 10 10 10
1 10
1 10
2 10 10
2 10 10
2 10 10
20
5 10 10 10 10 10
4 10 10 10 10
3 10 10 10
4 10 10 10 10
1 10
1 10
4 10 10 10 10
5 10 10 10 10 10
1 10
4 10 10 10 10
1 10
1 10
2 10 10
2 10 10
2 10 10
5 5 
10 10 10 10 10 10 10 10 10 10 10 10 10 10 10 
600 600 480 900 660 810 480 480 810 510 840 630 870 540 660 
690 670 530 970 670 820 550 570 820 580 850 640 900 570 690 
420 420 
1080 1080 
