p-C101-P1C5-I2-V1.txt
1
5
10
0.5
90
10 1 2 3 4 5 6 7 8 9 10
1 1
2 1 2
2 1 2
4 1 2 3 4
2 1 2
30 66 36 36 41 
30 
66 
36 
36 
41 
1
1 10
2 10 10
2 10 10
4 10 10 10 10
2 10 10
2
1 10
2 10 10
2 10 10
4 10 10 10 10
2 10 10
3
1 10
2 10 10
2 10 10
4 10 10 10 10
2 10 10
4
1 10
2 10 10
2 10 10
4 10 10 10 10
2 10 10
5
1 10
2 10 10
2 10 10
4 10 10 10 10
2 10 10
6
1 10
2 10 10
2 10 10
4 10 10 10 10
2 10 10
7
1 10
2 10 10
2 10 10
4 10 10 10 10
2 10 10
8
1 10
2 10 10
2 10 10
4 10 10 10 10
2 10 10
9
1 10
2 10 10
2 10 10
4 10 10 10 10
2 10 10
10
1 10
2 10 10
2 10 10
4 10 10 10 10
2 10 10
5 
10 10 10 10 10 
960 930 810 630 660 
970 960 840 700 690 
420 
1080 
