p-C101-P2C15-I3-V1.txt
2
15
20
30
1.5
10 1 2 3 4 5 6 7 8 9 10
10 11 12 13 14 15 16 17 18 19 20
3 1 2 3
2 1 2
3 1 2 3
4 1 2 3 4
2 1 2
5 1 2 3 4 5
3 1 2 3
3 1 2 3
4 1 2 3 4
5 1 2 3 4 5
4 1 2 3 4
4 1 2 3 4
2 1 2
2 1 2
3 1 2 3
0.5 0.622718 0.537484 0.533333 1.11006 1.02686 0.333333 0.433333 1.2693 1.31191 0.633333 0.504425 1.30171 1.20185 0.654896 
0.795124 0.24267 0.188562 0.149071 0.687184 0.558768 0.718022 0.600925 0.661648 0.731057 0.0745356 0.213437 0.835996 0.686375 0.105409 
0.5 0.795124 
0.622718 0.24267 
0.537484 0.188562 
0.533333 0.149071 
1.11006 0.687184 
1.02686 0.558768 
0.333333 0.718022 
0.433333 0.600925 
1.2693 0.661648 
1.31191 0.731057 
0.633333 0.0745356 
0.504425 0.213437 
1.30171 0.835996 
1.20185 0.686375 
0.654896 0.105409 
1
3 0.166667 0.166667 0.166667
2 0.166667 0.166667
3 0.166667 0.166667 0.166667
4 0.166667 0.166667 0.166667 0.166667
2 0.166667 0.166667
5 0.166667 0.166667 0.166667 0.166667 0.166667
3 0.166667 0.166667 0.166667
3 0.166667 0.166667 0.166667
4 0.166667 0.166667 0.166667 0.166667
5 0.166667 0.166667 0.166667 0.166667 0.166667
4 0.166667 0.166667 0.166667 0.166667
4 0.166667 0.166667 0.166667 0.166667
2 0.166667 0.166667
2 0.166667 0.166667
3 0.166667 0.166667 0.166667
2
3 0.166667 0.166667 0.166667
2 0.166667 0.166667
3 0.166667 0.166667 0.166667
4 0.166667 0.166667 0.166667 0.166667
2 0.166667 0.166667
5 0.166667 0.166667 0.166667 0.166667 0.166667
3 0.166667 0.166667 0.166667
3 0.166667 0.166667 0.166667
4 0.166667 0.166667 0.166667 0.166667
5 0.166667 0.166667 0.166667 0.166667 0.166667
4 0.166667 0.166667 0.166667 0.166667
4 0.166667 0.166667 0.166667 0.166667
2 0.166667 0.166667
2 0.166667 0.166667
3 0.166667 0.166667 0.166667
3
3 0.166667 0.166667 0.166667
2 0.166667 0.166667
3 0.166667 0.166667 0.166667
4 0.166667 0.166667 0.166667 0.166667
2 0.166667 0.166667
5 0.166667 0.166667 0.166667 0.166667 0.166667
3 0.166667 0.166667 0.166667
3 0.166667 0.166667 0.166667
4 0.166667 0.166667 0.166667 0.166667
5 0.166667 0.166667 0.166667 0.166667 0.166667
4 0.166667 0.166667 0.166667 0.166667
4 0.166667 0.166667 0.166667 0.166667
2 0.166667 0.166667
2 0.166667 0.166667
3 0.166667 0.166667 0.166667
4
3 0.166667 0.166667 0.166667
2 0.166667 0.166667
3 0.166667 0.166667 0.166667
4 0.166667 0.166667 0.166667 0.166667
2 0.166667 0.166667
5 0.166667 0.166667 0.166667 0.166667 0.166667
3 0.166667 0.166667 0.166667
3 0.166667 0.166667 0.166667
4 0.166667 0.166667 0.166667 0.166667
5 0.166667 0.166667 0.166667 0.166667 0.166667
4 0.166667 0.166667 0.166667 0.166667
4 0.166667 0.166667 0.166667 0.166667
2 0.166667 0.166667
2 0.166667 0.166667
3 0.166667 0.166667 0.166667
5
3 0.166667 0.166667 0.166667
2 0.166667 0.166667
3 0.166667 0.166667 0.166667
4 0.166667 0.166667 0.166667 0.166667
2 0.166667 0.166667
5 0.166667 0.166667 0.166667 0.166667 0.166667
3 0.166667 0.166667 0.166667
3 0.166667 0.166667 0.166667
4 0.166667 0.166667 0.166667 0.166667
5 0.166667 0.166667 0.166667 0.166667 0.166667
4 0.166667 0.166667 0.166667 0.166667
4 0.166667 0.166667 0.166667 0.166667
2 0.166667 0.166667
2 0.166667 0.166667
3 0.166667 0.166667 0.166667
6
3 0.166667 0.166667 0.166667
2 0.166667 0.166667
3 0.166667 0.166667 0.166667
4 0.166667 0.166667 0.166667 0.166667
2 0.166667 0.166667
5 0.166667 0.166667 0.166667 0.166667 0.166667
3 0.166667 0.166667 0.166667
3 0.166667 0.166667 0.166667
4 0.166667 0.166667 0.166667 0.166667
5 0.166667 0.166667 0.166667 0.166667 0.166667
4 0.166667 0.166667 0.166667 0.166667
4 0.166667 0.166667 0.166667 0.166667
2 0.166667 0.166667
2 0.166667 0.166667
3 0.166667 0.166667 0.166667
7
3 0.166667 0.166667 0.166667
2 0.166667 0.166667
3 0.166667 0.166667 0.166667
4 0.166667 0.166667 0.166667 0.166667
2 0.166667 0.166667
5 0.166667 0.166667 0.166667 0.166667 0.166667
3 0.166667 0.166667 0.166667
3 0.166667 0.166667 0.166667
4 0.166667 0.166667 0.166667 0.166667
5 0.166667 0.166667 0.166667 0.166667 0.166667
4 0.166667 0.166667 0.166667 0.166667
4 0.166667 0.166667 0.166667 0.166667
2 0.166667 0.166667
2 0.166667 0.166667
3 0.166667 0.166667 0.166667
8
3 0.166667 0.166667 0.166667
2 0.166667 0.166667
3 0.166667 0.166667 0.166667
4 0.166667 0.166667 0.166667 0.166667
2 0.166667 0.166667
5 0.166667 0.166667 0.166667 0.166667 0.166667
3 0.166667 0.166667 0.166667
3 0.166667 0.166667 0.166667
4 0.166667 0.166667 0.166667 0.166667
5 0.166667 0.166667 0.166667 0.166667 0.166667
4 0.166667 0.166667 0.166667 0.166667
4 0.166667 0.166667 0.166667 0.166667
2 0.166667 0.166667
2 0.166667 0.166667
3 0.166667 0.166667 0.166667
9
3 0.166667 0.166667 0.166667
2 0.166667 0.166667
3 0.166667 0.166667 0.166667
4 0.166667 0.166667 0.166667 0.166667
2 0.166667 0.166667
5 0.166667 0.166667 0.166667 0.166667 0.166667
3 0.166667 0.166667 0.166667
3 0.166667 0.166667 0.166667
4 0.166667 0.166667 0.166667 0.166667
5 0.166667 0.166667 0.166667 0.166667 0.166667
4 0.166667 0.166667 0.166667 0.166667
4 0.166667 0.166667 0.166667 0.166667
2 0.166667 0.166667
2 0.166667 0.166667
3 0.166667 0.166667 0.166667
10
3 0.166667 0.166667 0.166667
2 0.166667 0.166667
3 0.166667 0.166667 0.166667
4 0.166667 0.166667 0.166667 0.166667
2 0.166667 0.166667
5 0.166667 0.166667 0.166667 0.166667 0.166667
3 0.166667 0.166667 0.166667
3 0.166667 0.166667 0.166667
4 0.166667 0.166667 0.166667 0.166667
5 0.166667 0.166667 0.166667 0.166667 0.166667
4 0.166667 0.166667 0.166667 0.166667
4 0.166667 0.166667 0.166667 0.166667
2 0.166667 0.166667
2 0.166667 0.166667
3 0.166667 0.166667 0.166667
11
3 0.166667 0.166667 0.166667
2 0.166667 0.166667
3 0.166667 0.166667 0.166667
4 0.166667 0.166667 0.166667 0.166667
2 0.166667 0.166667
5 0.166667 0.166667 0.166667 0.166667 0.166667
3 0.166667 0.166667 0.166667
3 0.166667 0.166667 0.166667
4 0.166667 0.166667 0.166667 0.166667
5 0.166667 0.166667 0.166667 0.166667 0.166667
4 0.166667 0.166667 0.166667 0.166667
4 0.166667 0.166667 0.166667 0.166667
2 0.166667 0.166667
2 0.166667 0.166667
3 0.166667 0.166667 0.166667
12
3 0.166667 0.166667 0.166667
2 0.166667 0.166667
3 0.166667 0.166667 0.166667
4 0.166667 0.166667 0.166667 0.166667
2 0.166667 0.166667
5 0.166667 0.166667 0.166667 0.166667 0.166667
3 0.166667 0.166667 0.166667
3 0.166667 0.166667 0.166667
4 0.166667 0.166667 0.166667 0.166667
5 0.166667 0.166667 0.166667 0.166667 0.166667
4 0.166667 0.166667 0.166667 0.166667
4 0.166667 0.166667 0.166667 0.166667
2 0.166667 0.166667
2 0.166667 0.166667
3 0.166667 0.166667 0.166667
13
3 0.166667 0.166667 0.166667
2 0.166667 0.166667
3 0.166667 0.166667 0.166667
4 0.166667 0.166667 0.166667 0.166667
2 0.166667 0.166667
5 0.166667 0.166667 0.166667 0.166667 0.166667
3 0.166667 0.166667 0.166667
3 0.166667 0.166667 0.166667
4 0.166667 0.166667 0.166667 0.166667
5 0.166667 0.166667 0.166667 0.166667 0.166667
4 0.166667 0.166667 0.166667 0.166667
4 0.166667 0.166667 0.166667 0.166667
2 0.166667 0.166667
2 0.166667 0.166667
3 0.166667 0.166667 0.166667
14
3 0.166667 0.166667 0.166667
2 0.166667 0.166667
3 0.166667 0.166667 0.166667
4 0.166667 0.166667 0.166667 0.166667
2 0.166667 0.166667
5 0.166667 0.166667 0.166667 0.166667 0.166667
3 0.166667 0.166667 0.166667
3 0.166667 0.166667 0.166667
4 0.166667 0.166667 0.166667 0.166667
5 0.166667 0.166667 0.166667 0.166667 0.166667
4 0.166667 0.166667 0.166667 0.166667
4 0.166667 0.166667 0.166667 0.166667
2 0.166667 0.166667
2 0.166667 0.166667
3 0.166667 0.166667 0.166667
15
3 0.166667 0.166667 0.166667
2 0.166667 0.166667
3 0.166667 0.166667 0.166667
4 0.166667 0.166667 0.166667 0.166667
2 0.166667 0.166667
5 0.166667 0.166667 0.166667 0.166667 0.166667
3 0.166667 0.166667 0.166667
3 0.166667 0.166667 0.166667
4 0.166667 0.166667 0.166667 0.166667
5 0.166667 0.166667 0.166667 0.166667 0.166667
4 0.166667 0.166667 0.166667 0.166667
4 0.166667 0.166667 0.166667 0.166667
2 0.166667 0.166667
2 0.166667 0.166667
3 0.166667 0.166667 0.166667
16
3 0.166667 0.166667 0.166667
2 0.166667 0.166667
3 0.166667 0.166667 0.166667
4 0.166667 0.166667 0.166667 0.166667
2 0.166667 0.166667
5 0.166667 0.166667 0.166667 0.166667 0.166667
3 0.166667 0.166667 0.166667
3 0.166667 0.166667 0.166667
4 0.166667 0.166667 0.166667 0.166667
5 0.166667 0.166667 0.166667 0.166667 0.166667
4 0.166667 0.166667 0.166667 0.166667
4 0.166667 0.166667 0.166667 0.166667
2 0.166667 0.166667
2 0.166667 0.166667
3 0.166667 0.166667 0.166667
17
3 0.166667 0.166667 0.166667
2 0.166667 0.166667
3 0.166667 0.166667 0.166667
4 0.166667 0.166667 0.166667 0.166667
2 0.166667 0.166667
5 0.166667 0.166667 0.166667 0.166667 0.166667
3 0.166667 0.166667 0.166667
3 0.166667 0.166667 0.166667
4 0.166667 0.166667 0.166667 0.166667
5 0.166667 0.166667 0.166667 0.166667 0.166667
4 0.166667 0.166667 0.166667 0.166667
4 0.166667 0.166667 0.166667 0.166667
2 0.166667 0.166667
2 0.166667 0.166667
3 0.166667 0.166667 0.166667
18
3 0.166667 0.166667 0.166667
2 0.166667 0.166667
3 0.166667 0.166667 0.166667
4 0.166667 0.166667 0.166667 0.166667
2 0.166667 0.166667
5 0.166667 0.166667 0.166667 0.166667 0.166667
3 0.166667 0.166667 0.166667
3 0.166667 0.166667 0.166667
4 0.166667 0.166667 0.166667 0.166667
5 0.166667 0.166667 0.166667 0.166667 0.166667
4 0.166667 0.166667 0.166667 0.166667
4 0.166667 0.166667 0.166667 0.166667
2 0.166667 0.166667
2 0.166667 0.166667
3 0.166667 0.166667 0.166667
19
3 0.166667 0.166667 0.166667
2 0.166667 0.166667
3 0.166667 0.166667 0.166667
4 0.166667 0.166667 0.166667 0.166667
2 0.166667 0.166667
5 0.166667 0.166667 0.166667 0.166667 0.166667
3 0.166667 0.166667 0.166667
3 0.166667 0.166667 0.166667
4 0.166667 0.166667 0.166667 0.166667
5 0.166667 0.166667 0.166667 0.166667 0.166667
4 0.166667 0.166667 0.166667 0.166667
4 0.166667 0.166667 0.166667 0.166667
2 0.166667 0.166667
2 0.166667 0.166667
3 0.166667 0.166667 0.166667
20
3 0.166667 0.166667 0.166667
2 0.166667 0.166667
3 0.166667 0.166667 0.166667
4 0.166667 0.166667 0.166667 0.166667
2 0.166667 0.166667
5 0.166667 0.166667 0.166667 0.166667 0.166667
3 0.166667 0.166667 0.166667
3 0.166667 0.166667 0.166667
4 0.166667 0.166667 0.166667 0.166667
5 0.166667 0.166667 0.166667 0.166667 0.166667
4 0.166667 0.166667 0.166667 0.166667
4 0.166667 0.166667 0.166667 0.166667
2 0.166667 0.166667
2 0.166667 0.166667
3 0.166667 0.166667 0.166667
0.0833333 0.0833333 
0.166667 0.166667 0.166667 0.166667 0.166667 0.166667 0.166667 0.166667 0.166667 0.166667 0.166667 0.166667 0.166667 0.166667 0.166667 
8.5 14 9 8.5 8 10.5 8.5 15 14.5 8 14.5 13.5 9 10.5 10.5 
9.83333 14.8333 10.3333 10.3333 8.83333 12.8333 9.83333 16.3333 16.3333 10.3333 16.3333 15.3333 9.83333 11.3333 11.8333 
7 7 
18 18 
