p-C101-P2C10-I4-V2.txt
2
10
20
0.5
90
10 1 2 3 4 5 6 7 8 9 10
10 11 12 13 14 15 16 17 18 19 20
1 1
3 1 2 3
1 1
1 1
1 1
4 1 2 3 4
5 1 2 3 4 5
4 1 2 3 4
2 1 2
4 1 2 3 4
61 30 78 30 20 32 39 36 32 78 
48 51 57 8 43 7 20 14 10 64 
61 48 
30 51 
78 57 
30 8 
20 43 
32 7 
39 20 
36 14 
32 10 
78 64 
1
1 10
3 10 10 10
1 10
1 10
1 10
4 10 10 10 10
5 10 10 10 10 10
4 10 10 10 10
2 10 10
4 10 10 10 10
2
1 10
3 10 10 10
1 10
1 10
1 10
4 10 10 10 10
5 10 10 10 10 10
4 10 10 10 10
2 10 10
4 10 10 10 10
3
1 10
3 10 10 10
1 10
1 10
1 10
4 10 10 10 10
5 10 10 10 10 10
4 10 10 10 10
2 10 10
4 10 10 10 10
4
1 10
3 10 10 10
1 10
1 10
1 10
4 10 10 10 10
5 10 10 10 10 10
4 10 10 10 10
2 10 10
4 10 10 10 10
5
1 10
3 10 10 10
1 10
1 10
1 10
4 10 10 10 10
5 10 10 10 10 10
4 10 10 10 10
2 10 10
4 10 10 10 10
6
1 10
3 10 10 10
1 10
1 10
1 10
4 10 10 10 10
5 10 10 10 10 10
4 10 10 10 10
2 10 10
4 10 10 10 10
7
1 10
3 10 10 10
1 10
1 10
1 10
4 10 10 10 10
5 10 10 10 10 10
4 10 10 10 10
2 10 10
4 10 10 10 10
8
1 10
3 10 10 10
1 10
1 10
1 10
4 10 10 10 10
5 10 10 10 10 10
4 10 10 10 10
2 10 10
4 10 10 10 10
9
1 10
3 10 10 10
1 10
1 10
1 10
4 10 10 10 10
5 10 10 10 10 10
4 10 10 10 10
2 10 10
4 10 10 10 10
10
1 10
3 10 10 10
1 10
1 10
1 10
4 10 10 10 10
5 10 10 10 10 10
4 10 10 10 10
2 10 10
4 10 10 10 10
11
1 10
3 10 10 10
1 10
1 10
1 10
4 10 10 10 10
5 10 10 10 10 10
4 10 10 10 10
2 10 10
4 10 10 10 10
12
1 10
3 10 10 10
1 10
1 10
1 10
4 10 10 10 10
5 10 10 10 10 10
4 10 10 10 10
2 10 10
4 10 10 10 10
13
1 10
3 10 10 10
1 10
1 10
1 10
4 10 10 10 10
5 10 10 10 10 10
4 10 10 10 10
2 10 10
4 10 10 10 10
14
1 10
3 10 10 10
1 10
1 10
1 10
4 10 10 10 10
5 10 10 10 10 10
4 10 10 10 10
2 10 10
4 10 10 10 10
15
1 10
3 10 10 10
1 10
1 10
1 10
4 10 10 10 10
5 10 10 10 10 10
4 10 10 10 10
2 10 10
4 10 10 10 10
16
1 10
3 10 10 10
1 10
1 10
1 10
4 10 10 10 10
5 10 10 10 10 10
4 10 10 10 10
2 10 10
4 10 10 10 10
17
1 10
3 10 10 10
1 10
1 10
1 10
4 10 10 10 10
5 10 10 10 10 10
4 10 10 10 10
2 10 10
4 10 10 10 10
18
1 10
3 10 10 10
1 10
1 10
1 10
4 10 10 10 10
5 10 10 10 10 10
4 10 10 10 10
2 10 10
4 10 10 10 10
19
1 10
3 10 10 10
1 10
1 10
1 10
4 10 10 10 10
5 10 10 10 10 10
4 10 10 10 10
2 10 10
4 10 10 10 10
20
1 10
3 10 10 10
1 10
1 10
1 10
4 10 10 10 10
5 10 10 10 10 10
4 10 10 10 10
2 10 10
4 10 10 10 10
5 5 
10 10 10 10 10 10 10 10 10 10 
660 480 660 630 600 540 480 480 810 660 
690 590 690 660 630 690 670 630 880 810 
420 420 
1080 1080 
