p-C101-P2C10-I4-V1.txt
2
10
20
0.5
90
10 1 2 3 4 5 6 7 8 9 10
10 11 12 13 14 15 16 17 18 19 20
3 1 2 3
5 1 2 3 4 5
3 1 2 3
2 1 2
4 1 2 3 4
1 1
1 1
1 1
4 1 2 3 4
4 1 2 3 4
78 36 70 39 78 32 33 20 30 38 
56 38 47 31 61 32 26 7 34 36 
78 56 
36 38 
70 47 
39 31 
78 61 
32 32 
33 26 
20 7 
30 34 
38 36 
1
3 10 10 10
5 10 10 10 10 10
3 10 10 10
2 10 10
4 10 10 10 10
1 10
1 10
1 10
4 10 10 10 10
4 10 10 10 10
2
3 10 10 10
5 10 10 10 10 10
3 10 10 10
2 10 10
4 10 10 10 10
1 10
1 10
1 10
4 10 10 10 10
4 10 10 10 10
3
3 10 10 10
5 10 10 10 10 10
3 10 10 10
2 10 10
4 10 10 10 10
1 10
1 10
1 10
4 10 10 10 10
4 10 10 10 10
4
3 10 10 10
5 10 10 10 10 10
3 10 10 10
2 10 10
4 10 10 10 10
1 10
1 10
1 10
4 10 10 10 10
4 10 10 10 10
5
3 10 10 10
5 10 10 10 10 10
3 10 10 10
2 10 10
4 10 10 10 10
1 10
1 10
1 10
4 10 10 10 10
4 10 10 10 10
6
3 10 10 10
5 10 10 10 10 10
3 10 10 10
2 10 10
4 10 10 10 10
1 10
1 10
1 10
4 10 10 10 10
4 10 10 10 10
7
3 10 10 10
5 10 10 10 10 10
3 10 10 10
2 10 10
4 10 10 10 10
1 10
1 10
1 10
4 10 10 10 10
4 10 10 10 10
8
3 10 10 10
5 10 10 10 10 10
3 10 10 10
2 10 10
4 10 10 10 10
1 10
1 10
1 10
4 10 10 10 10
4 10 10 10 10
9
3 10 10 10
5 10 10 10 10 10
3 10 10 10
2 10 10
4 10 10 10 10
1 10
1 10
1 10
4 10 10 10 10
4 10 10 10 10
10
3 10 10 10
5 10 10 10 10 10
3 10 10 10
2 10 10
4 10 10 10 10
1 10
1 10
1 10
4 10 10 10 10
4 10 10 10 10
11
3 10 10 10
5 10 10 10 10 10
3 10 10 10
2 10 10
4 10 10 10 10
1 10
1 10
1 10
4 10 10 10 10
4 10 10 10 10
12
3 10 10 10
5 10 10 10 10 10
3 10 10 10
2 10 10
4 10 10 10 10
1 10
1 10
1 10
4 10 10 10 10
4 10 10 10 10
13
3 10 10 10
5 10 10 10 10 10
3 10 10 10
2 10 10
4 10 10 10 10
1 10
1 10
1 10
4 10 10 10 10
4 10 10 10 10
14
3 10 10 10
5 10 10 10 10 10
3 10 10 10
2 10 10
4 10 10 10 10
1 10
1 10
1 10
4 10 10 10 10
4 10 10 10 10
15
3 10 10 10
5 10 10 10 10 10
3 10 10 10
2 10 10
4 10 10 10 10
1 10
1 10
1 10
4 10 10 10 10
4 10 10 10 10
16
3 10 10 10
5 10 10 10 10 10
3 10 10 10
2 10 10
4 10 10 10 10
1 10
1 10
1 10
4 10 10 10 10
4 10 10 10 10
17
3 10 10 10
5 10 10 10 10 10
3 10 10 10
2 10 10
4 10 10 10 10
1 10
1 10
1 10
4 10 10 10 10
4 10 10 10 10
18
3 10 10 10
5 10 10 10 10 10
3 10 10 10
2 10 10
4 10 10 10 10
1 10
1 10
1 10
4 10 10 10 10
4 10 10 10 10
19
3 10 10 10
5 10 10 10 10 10
3 10 10 10
2 10 10
4 10 10 10 10
1 10
1 10
1 10
4 10 10 10 10
4 10 10 10 10
20
3 10 10 10
5 10 10 10 10 10
3 10 10 10
2 10 10
4 10 10 10 10
1 10
1 10
1 10
4 10 10 10 10
4 10 10 10 10
5 5 
10 10 10 10 10 10 10 10 10 10 
480 570 540 900 510 540 570 570 510 480 
590 760 650 970 660 570 600 600 660 630 
420 420 
1080 1080 
