p-C101-P1C8-I3-V3.txt
1
8
10
0.5
90
10 1 2 3 4 5 6 7 8 9 10
1 1
1 1
2 1 2
4 1 2 3 4
2 1 2
5 1 2 3 4 5
2 1 2
1 1
36 32 41 78 33 36 70 80 
36 
32 
41 
78 
33 
36 
70 
80 
1
1 10
1 10
2 10 10
4 10 10 10 10
2 10 10
5 10 10 10 10 10
2 10 10
1 10
2
1 10
1 10
2 10 10
4 10 10 10 10
2 10 10
5 10 10 10 10 10
2 10 10
1 10
3
1 10
1 10
2 10 10
4 10 10 10 10
2 10 10
5 10 10 10 10 10
2 10 10
1 10
4
1 10
1 10
2 10 10
4 10 10 10 10
2 10 10
5 10 10 10 10 10
2 10 10
1 10
5
1 10
1 10
2 10 10
4 10 10 10 10
2 10 10
5 10 10 10 10 10
2 10 10
1 10
6
1 10
1 10
2 10 10
4 10 10 10 10
2 10 10
5 10 10 10 10 10
2 10 10
1 10
7
1 10
1 10
2 10 10
4 10 10 10 10
2 10 10
5 10 10 10 10 10
2 10 10
1 10
8
1 10
1 10
2 10 10
4 10 10 10 10
2 10 10
5 10 10 10 10 10
2 10 10
1 10
9
1 10
1 10
2 10 10
4 10 10 10 10
2 10 10
5 10 10 10 10 10
2 10 10
1 10
10
1 10
1 10
2 10 10
4 10 10 10 10
2 10 10
5 10 10 10 10 10
2 10 10
1 10
5 
10 10 10 10 10 10 10 10 
930 570 600 480 660 810 630 540 
950 590 650 590 710 950 680 560 
420 
1080 
