p-C101-P3C15-I2-V2.txt
3
15
30
0.5
90
10 1 2 3 4 5 6 7 8 9 10
10 11 12 13 14 15 16 17 18 19 20
10 21 22 23 24 25 26 27 28 29 30
3 1 2 3
5 1 2 3 4 5
1 1
4 1 2 3 4
2 1 2
4 1 2 3 4
5 1 2 3 4 5
1 1
5 1 2 3 4 5
1 1
3 1 2 3
2 1 2
4 1 2 3 4
3 1 2 3
5 1 2 3 4 5
72 36 80 70 30 24 66 30 32 39 41 26 78 37 30 
10 42 20 14 44 47 8 46 43 28 47 41 17 48 50 
10 52 4 24 56 67 21 66 55 41 54 61 17 57 70 
72 10 10 
36 42 52 
80 20 4 
70 14 24 
30 44 56 
24 47 67 
66 8 21 
30 46 66 
32 43 55 
39 28 41 
41 47 54 
26 41 61 
78 17 17 
37 48 57 
30 50 70 
1
3 10 10 10
5 10 10 10 10 10
1 10
4 10 10 10 10
2 10 10
4 10 10 10 10
5 10 10 10 10 10
1 10
5 10 10 10 10 10
1 10
3 10 10 10
2 10 10
4 10 10 10 10
3 10 10 10
5 10 10 10 10 10
2
3 10 10 10
5 10 10 10 10 10
1 10
4 10 10 10 10
2 10 10
4 10 10 10 10
5 10 10 10 10 10
1 10
5 10 10 10 10 10
1 10
3 10 10 10
2 10 10
4 10 10 10 10
3 10 10 10
5 10 10 10 10 10
3
3 10 10 10
5 10 10 10 10 10
1 10
4 10 10 10 10
2 10 10
4 10 10 10 10
5 10 10 10 10 10
1 10
5 10 10 10 10 10
1 10
3 10 10 10
2 10 10
4 10 10 10 10
3 10 10 10
5 10 10 10 10 10
4
3 10 10 10
5 10 10 10 10 10
1 10
4 10 10 10 10
2 10 10
4 10 10 10 10
5 10 10 10 10 10
1 10
5 10 10 10 10 10
1 10
3 10 10 10
2 10 10
4 10 10 10 10
3 10 10 10
5 10 10 10 10 10
5
3 10 10 10
5 10 10 10 10 10
1 10
4 10 10 10 10
2 10 10
4 10 10 10 10
5 10 10 10 10 10
1 10
5 10 10 10 10 10
1 10
3 10 10 10
2 10 10
4 10 10 10 10
3 10 10 10
5 10 10 10 10 10
6
3 10 10 10
5 10 10 10 10 10
1 10
4 10 10 10 10
2 10 10
4 10 10 10 10
5 10 10 10 10 10
1 10
5 10 10 10 10 10
1 10
3 10 10 10
2 10 10
4 10 10 10 10
3 10 10 10
5 10 10 10 10 10
7
3 10 10 10
5 10 10 10 10 10
1 10
4 10 10 10 10
2 10 10
4 10 10 10 10
5 10 10 10 10 10
1 10
5 10 10 10 10 10
1 10
3 10 10 10
2 10 10
4 10 10 10 10
3 10 10 10
5 10 10 10 10 10
8
3 10 10 10
5 10 10 10 10 10
1 10
4 10 10 10 10
2 10 10
4 10 10 10 10
5 10 10 10 10 10
1 10
5 10 10 10 10 10
1 10
3 10 10 10
2 10 10
4 10 10 10 10
3 10 10 10
5 10 10 10 10 10
9
3 10 10 10
5 10 10 10 10 10
1 10
4 10 10 10 10
2 10 10
4 10 10 10 10
5 10 10 10 10 10
1 10
5 10 10 10 10 10
1 10
3 10 10 10
2 10 10
4 10 10 10 10
3 10 10 10
5 10 10 10 10 10
10
3 10 10 10
5 10 10 10 10 10
1 10
4 10 10 10 10
2 10 10
4 10 10 10 10
5 10 10 10 10 10
1 10
5 10 10 10 10 10
1 10
3 10 10 10
2 10 10
4 10 10 10 10
3 10 10 10
5 10 10 10 10 10
11
3 10 10 10
5 10 10 10 10 10
1 10
4 10 10 10 10
2 10 10
4 10 10 10 10
5 10 10 10 10 10
1 10
5 10 10 10 10 10
1 10
3 10 10 10
2 10 10
4 10 10 10 10
3 10 10 10
5 10 10 10 10 10
12
3 10 10 10
5 10 10 10 10 10
1 10
4 10 10 10 10
2 10 10
4 10 10 10 10
5 10 10 10 10 10
1 10
5 10 10 10 10 10
1 10
3 10 10 10
2 10 10
4 10 10 10 10
3 10 10 10
5 10 10 10 10 10
13
3 10 10 10
5 10 10 10 10 10
1 10
4 10 10 10 10
2 10 10
4 10 10 10 10
5 10 10 10 10 10
1 10
5 10 10 10 10 10
1 10
3 10 10 10
2 10 10
4 10 10 10 10
3 10 10 10
5 10 10 10 10 10
14
3 10 10 10
5 10 10 10 10 10
1 10
4 10 10 10 10
2 10 10
4 10 10 10 10
5 10 10 10 10 10
1 10
5 10 10 10 10 10
1 10
3 10 10 10
2 10 10
4 10 10 10 10
3 10 10 10
5 10 10 10 10 10
15
3 10 10 10
5 10 10 10 10 10
1 10
4 10 10 10 10
2 10 10
4 10 10 10 10
5 10 10 10 10 10
1 10
5 10 10 10 10 10
1 10
3 10 10 10
2 10 10
4 10 10 10 10
3 10 10 10
5 10 10 10 10 10
16
3 10 10 10
5 10 10 10 10 10
1 10
4 10 10 10 10
2 10 10
4 10 10 10 10
5 10 10 10 10 10
1 10
5 10 10 10 10 10
1 10
3 10 10 10
2 10 10
4 10 10 10 10
3 10 10 10
5 10 10 10 10 10
17
3 10 10 10
5 10 10 10 10 10
1 10
4 10 10 10 10
2 10 10
4 10 10 10 10
5 10 10 10 10 10
1 10
5 10 10 10 10 10
1 10
3 10 10 10
2 10 10
4 10 10 10 10
3 10 10 10
5 10 10 10 10 10
18
3 10 10 10
5 10 10 10 10 10
1 10
4 10 10 10 10
2 10 10
4 10 10 10 10
5 10 10 10 10 10
1 10
5 10 10 10 10 10
1 10
3 10 10 10
2 10 10
4 10 10 10 10
3 10 10 10
5 10 10 10 10 10
19
3 10 10 10
5 10 10 10 10 10
1 10
4 10 10 10 10
2 10 10
4 10 10 10 10
5 10 10 10 10 10
1 10
5 10 10 10 10 10
1 10
3 10 10 10
2 10 10
4 10 10 10 10
3 10 10 10
5 10 10 10 10 10
20
3 10 10 10
5 10 10 10 10 10
1 10
4 10 10 10 10
2 10 10
4 10 10 10 10
5 10 10 10 10 10
1 10
5 10 10 10 10 10
1 10
3 10 10 10
2 10 10
4 10 10 10 10
3 10 10 10
5 10 10 10 10 10
21
3 10 10 10
5 10 10 10 10 10
1 10
4 10 10 10 10
2 10 10
4 10 10 10 10
5 10 10 10 10 10
1 10
5 10 10 10 10 10
1 10
3 10 10 10
2 10 10
4 10 10 10 10
3 10 10 10
5 10 10 10 10 10
22
3 10 10 10
5 10 10 10 10 10
1 10
4 10 10 10 10
2 10 10
4 10 10 10 10
5 10 10 10 10 10
1 10
5 10 10 10 10 10
1 10
3 10 10 10
2 10 10
4 10 10 10 10
3 10 10 10
5 10 10 10 10 10
23
3 10 10 10
5 10 10 10 10 10
1 10
4 10 10 10 10
2 10 10
4 10 10 10 10
5 10 10 10 10 10
1 10
5 10 10 10 10 10
1 10
3 10 10 10
2 10 10
4 10 10 10 10
3 10 10 10
5 10 10 10 10 10
24
3 10 10 10
5 10 10 10 10 10
1 10
4 10 10 10 10
2 10 10
4 10 10 10 10
5 10 10 10 10 10
1 10
5 10 10 10 10 10
1 10
3 10 10 10
2 10 10
4 10 10 10 10
3 10 10 10
5 10 10 10 10 10
25
3 10 10 10
5 10 10 10 10 10
1 10
4 10 10 10 10
2 10 10
4 10 10 10 10
5 10 10 10 10 10
1 10
5 10 10 10 10 10
1 10
3 10 10 10
2 10 10
4 10 10 10 10
3 10 10 10
5 10 10 10 10 10
26
3 10 10 10
5 10 10 10 10 10
1 10
4 10 10 10 10
2 10 10
4 10 10 10 10
5 10 10 10 10 10
1 10
5 10 10 10 10 10
1 10
3 10 10 10
2 10 10
4 10 10 10 10
3 10 10 10
5 10 10 10 10 10
27
3 10 10 10
5 10 10 10 10 10
1 10
4 10 10 10 10
2 10 10
4 10 10 10 10
5 10 10 10 10 10
1 10
5 10 10 10 10 10
1 10
3 10 10 10
2 10 10
4 10 10 10 10
3 10 10 10
5 10 10 10 10 10
28
3 10 10 10
5 10 10 10 10 10
1 10
4 10 10 10 10
2 10 10
4 10 10 10 10
5 10 10 10 10 10
1 10
5 10 10 10 10 10
1 10
3 10 10 10
2 10 10
4 10 10 10 10
3 10 10 10
5 10 10 10 10 10
29
3 10 10 10
5 10 10 10 10 10
1 10
4 10 10 10 10
2 10 10
4 10 10 10 10
5 10 10 10 10 10
1 10
5 10 10 10 10 10
1 10
3 10 10 10
2 10 10
4 10 10 10 10
3 10 10 10
5 10 10 10 10 10
30
3 10 10 10
5 10 10 10 10 10
1 10
4 10 10 10 10
2 10 10
4 10 10 10 10
5 10 10 10 10 10
1 10
5 10 10 10 10 10
1 10
3 10 10 10
2 10 10
4 10 10 10 10
3 10 10 10
5 10 10 10 10 10
5 5 5 
10 10 10 10 10 10 10 10 10 10 10 10 10 10 10 
840 480 570 540 540 600 630 810 870 660 510 840 810 540 540 
890 570 580 610 570 670 720 820 960 670 560 870 880 590 630 
420 420 420 
1080 1080 1080 
