p-C101-P1C5-I4-V2.txt
1
5
10
0.5
90
10 1 2 3 4 5 6 7 8 9 10
3 1 2 3
5 1 2 3 4 5
5 1 2 3 4 5
3 1 2 3
3 1 2 3
30 72 30 37 24 
30 
72 
30 
37 
24 
1
3 10 10 10
5 10 10 10 10 10
5 10 10 10 10 10
3 10 10 10
3 10 10 10
2
3 10 10 10
5 10 10 10 10 10
5 10 10 10 10 10
3 10 10 10
3 10 10 10
3
3 10 10 10
5 10 10 10 10 10
5 10 10 10 10 10
3 10 10 10
3 10 10 10
4
3 10 10 10
5 10 10 10 10 10
5 10 10 10 10 10
3 10 10 10
3 10 10 10
5
3 10 10 10
5 10 10 10 10 10
5 10 10 10 10 10
3 10 10 10
3 10 10 10
6
3 10 10 10
5 10 10 10 10 10
5 10 10 10 10 10
3 10 10 10
3 10 10 10
7
3 10 10 10
5 10 10 10 10 10
5 10 10 10 10 10
3 10 10 10
3 10 10 10
8
3 10 10 10
5 10 10 10 10 10
5 10 10 10 10 10
3 10 10 10
3 10 10 10
9
3 10 10 10
5 10 10 10 10 10
5 10 10 10 10 10
3 10 10 10
3 10 10 10
10
3 10 10 10
5 10 10 10 10 10
5 10 10 10 10 10
3 10 10 10
3 10 10 10
5 
10 10 10 10 10 
900 600 660 570 510 
1010 790 850 680 620 
420 
1080 
