p-C101-P2C15-I3-V3.txt
2
15
20
0.5
90
10 1 2 3 4 5 6 7 8 9 10
10 11 12 13 14 15 16 17 18 19 20
1 1
3 1 2 3
1 1
1 1
4 1 2 3 4
3 1 2 3
1 1
5 1 2 3 4 5
5 1 2 3 4 5
3 1 2 3
5 1 2 3 4 5
2 1 2
1 1
5 1 2 3 4 5
2 1 2
61 30 30 32 30 33 20 40 70 72 78 26 80 66 36 
47 11 53 12 56 21 50 14 60 53 63 45 58 54 7 
61 47 
30 11 
30 53 
32 12 
30 56 
33 21 
20 50 
40 14 
70 60 
72 53 
78 63 
26 45 
80 58 
66 54 
36 7 
1
1 10
3 10 10 10
1 10
1 10
4 10 10 10 10
3 10 10 10
1 10
5 10 10 10 10 10
5 10 10 10 10 10
3 10 10 10
5 10 10 10 10 10
2 10 10
1 10
5 10 10 10 10 10
2 10 10
2
1 10
3 10 10 10
1 10
1 10
4 10 10 10 10
3 10 10 10
1 10
5 10 10 10 10 10
5 10 10 10 10 10
3 10 10 10
5 10 10 10 10 10
2 10 10
1 10
5 10 10 10 10 10
2 10 10
3
1 10
3 10 10 10
1 10
1 10
4 10 10 10 10
3 10 10 10
1 10
5 10 10 10 10 10
5 10 10 10 10 10
3 10 10 10
5 10 10 10 10 10
2 10 10
1 10
5 10 10 10 10 10
2 10 10
4
1 10
3 10 10 10
1 10
1 10
4 10 10 10 10
3 10 10 10
1 10
5 10 10 10 10 10
5 10 10 10 10 10
3 10 10 10
5 10 10 10 10 10
2 10 10
1 10
5 10 10 10 10 10
2 10 10
5
1 10
3 10 10 10
1 10
1 10
4 10 10 10 10
3 10 10 10
1 10
5 10 10 10 10 10
5 10 10 10 10 10
3 10 10 10
5 10 10 10 10 10
2 10 10
1 10
5 10 10 10 10 10
2 10 10
6
1 10
3 10 10 10
1 10
1 10
4 10 10 10 10
3 10 10 10
1 10
5 10 10 10 10 10
5 10 10 10 10 10
3 10 10 10
5 10 10 10 10 10
2 10 10
1 10
5 10 10 10 10 10
2 10 10
7
1 10
3 10 10 10
1 10
1 10
4 10 10 10 10
3 10 10 10
1 10
5 10 10 10 10 10
5 10 10 10 10 10
3 10 10 10
5 10 10 10 10 10
2 10 10
1 10
5 10 10 10 10 10
2 10 10
8
1 10
3 10 10 10
1 10
1 10
4 10 10 10 10
3 10 10 10
1 10
5 10 10 10 10 10
5 10 10 10 10 10
3 10 10 10
5 10 10 10 10 10
2 10 10
1 10
5 10 10 10 10 10
2 10 10
9
1 10
3 10 10 10
1 10
1 10
4 10 10 10 10
3 10 10 10
1 10
5 10 10 10 10 10
5 10 10 10 10 10
3 10 10 10
5 10 10 10 10 10
2 10 10
1 10
5 10 10 10 10 10
2 10 10
10
1 10
3 10 10 10
1 10
1 10
4 10 10 10 10
3 10 10 10
1 10
5 10 10 10 10 10
5 10 10 10 10 10
3 10 10 10
5 10 10 10 10 10
2 10 10
1 10
5 10 10 10 10 10
2 10 10
11
1 10
3 10 10 10
1 10
1 10
4 10 10 10 10
3 10 10 10
1 10
5 10 10 10 10 10
5 10 10 10 10 10
3 10 10 10
5 10 10 10 10 10
2 10 10
1 10
5 10 10 10 10 10
2 10 10
12
1 10
3 10 10 10
1 10
1 10
4 10 10 10 10
3 10 10 10
1 10
5 10 10 10 10 10
5 10 10 10 10 10
3 10 10 10
5 10 10 10 10 10
2 10 10
1 10
5 10 10 10 10 10
2 10 10
13
1 10
3 10 10 10
1 10
1 10
4 10 10 10 10
3 10 10 10
1 10
5 10 10 10 10 10
5 10 10 10 10 10
3 10 10 10
5 10 10 10 10 10
2 10 10
1 10
5 10 10 10 10 10
2 10 10
14
1 10
3 10 10 10
1 10
1 10
4 10 10 10 10
3 10 10 10
1 10
5 10 10 10 10 10
5 10 10 10 10 10
3 10 10 10
5 10 10 10 10 10
2 10 10
1 10
5 10 10 10 10 10
2 10 10
15
1 10
3 10 10 10
1 10
1 10
4 10 10 10 10
3 10 10 10
1 10
5 10 10 10 10 10
5 10 10 10 10 10
3 10 10 10
5 10 10 10 10 10
2 10 10
1 10
5 10 10 10 10 10
2 10 10
16
1 10
3 10 10 10
1 10
1 10
4 10 10 10 10
3 10 10 10
1 10
5 10 10 10 10 10
5 10 10 10 10 10
3 10 10 10
5 10 10 10 10 10
2 10 10
1 10
5 10 10 10 10 10
2 10 10
17
1 10
3 10 10 10
1 10
1 10
4 10 10 10 10
3 10 10 10
1 10
5 10 10 10 10 10
5 10 10 10 10 10
3 10 10 10
5 10 10 10 10 10
2 10 10
1 10
5 10 10 10 10 10
2 10 10
18
1 10
3 10 10 10
1 10
1 10
4 10 10 10 10
3 10 10 10
1 10
5 10 10 10 10 10
5 10 10 10 10 10
3 10 10 10
5 10 10 10 10 10
2 10 10
1 10
5 10 10 10 10 10
2 10 10
19
1 10
3 10 10 10
1 10
1 10
4 10 10 10 10
3 10 10 10
1 10
5 10 10 10 10 10
5 10 10 10 10 10
3 10 10 10
5 10 10 10 10 10
2 10 10
1 10
5 10 10 10 10 10
2 10 10
20
1 10
3 10 10 10
1 10
1 10
4 10 10 10 10
3 10 10 10
1 10
5 10 10 10 10 10
5 10 10 10 10 10
3 10 10 10
5 10 10 10 10 10
2 10 10
1 10
5 10 10 10 10 10
2 10 10
5 5 
10 10 10 10 10 10 10 10 10 10 10 10 10 10 10 
960 600 960 930 570 810 630 510 480 870 870 900 990 480 600 
980 680 980 950 680 890 650 650 620 950 1010 950 1010 620 650 
420 420 
1080 1080 
