p-C101-P2C15-I4-V1.txt
2
15
20
30
1.5
10 1 2 3 4 5 6 7 8 9 10
10 11 12 13 14 15 16 17 18 19 20
5 1 2 3 4 5
2 1 2
3 1 2 3
4 1 2 3 4
4 1 2 3 4
4 1 2 3 4
5 1 2 3 4 5
1 1
5 1 2 3 4 5
3 1 2 3
1 1
2 1 2
1 1
1 1
5 1 2 3 4 5
0.603692 1.31191 0.558768 0.533333 1.2693 1.34371 1.30171 1.20185 0.633333 0.603692 0.339935 0.654896 0.433333 1.02686 0.537484 
0.628932 1.11803 0.521749 0.614636 1.10454 1.13186 1.02902 0.970681 0.693622 0.708676 0.0666667 0.612826 0.1 0.792324 0.659966 
0.603692 0.628932 
1.31191 1.11803 
0.558768 0.521749 
0.533333 0.614636 
1.2693 1.10454 
1.34371 1.13186 
1.30171 1.02902 
1.20185 0.970681 
0.633333 0.693622 
0.603692 0.708676 
0.339935 0.0666667 
0.654896 0.612826 
0.433333 0.1 
1.02686 0.792324 
0.537484 0.659966 
1
5 0.166667 0.166667 0.166667 0.166667 0.166667
2 0.166667 0.166667
3 0.166667 0.166667 0.166667
4 0.166667 0.166667 0.166667 0.166667
4 0.166667 0.166667 0.166667 0.166667
4 0.166667 0.166667 0.166667 0.166667
5 0.166667 0.166667 0.166667 0.166667 0.166667
1 0.166667
5 0.166667 0.166667 0.166667 0.166667 0.166667
3 0.166667 0.166667 0.166667
1 0.166667
2 0.166667 0.166667
1 0.166667
1 0.166667
5 0.166667 0.166667 0.166667 0.166667 0.166667
2
5 0.166667 0.166667 0.166667 0.166667 0.166667
2 0.166667 0.166667
3 0.166667 0.166667 0.166667
4 0.166667 0.166667 0.166667 0.166667
4 0.166667 0.166667 0.166667 0.166667
4 0.166667 0.166667 0.166667 0.166667
5 0.166667 0.166667 0.166667 0.166667 0.166667
1 0.166667
5 0.166667 0.166667 0.166667 0.166667 0.166667
3 0.166667 0.166667 0.166667
1 0.166667
2 0.166667 0.166667
1 0.166667
1 0.166667
5 0.166667 0.166667 0.166667 0.166667 0.166667
3
5 0.166667 0.166667 0.166667 0.166667 0.166667
2 0.166667 0.166667
3 0.166667 0.166667 0.166667
4 0.166667 0.166667 0.166667 0.166667
4 0.166667 0.166667 0.166667 0.166667
4 0.166667 0.166667 0.166667 0.166667
5 0.166667 0.166667 0.166667 0.166667 0.166667
1 0.166667
5 0.166667 0.166667 0.166667 0.166667 0.166667
3 0.166667 0.166667 0.166667
1 0.166667
2 0.166667 0.166667
1 0.166667
1 0.166667
5 0.166667 0.166667 0.166667 0.166667 0.166667
4
5 0.166667 0.166667 0.166667 0.166667 0.166667
2 0.166667 0.166667
3 0.166667 0.166667 0.166667
4 0.166667 0.166667 0.166667 0.166667
4 0.166667 0.166667 0.166667 0.166667
4 0.166667 0.166667 0.166667 0.166667
5 0.166667 0.166667 0.166667 0.166667 0.166667
1 0.166667
5 0.166667 0.166667 0.166667 0.166667 0.166667
3 0.166667 0.166667 0.166667
1 0.166667
2 0.166667 0.166667
1 0.166667
1 0.166667
5 0.166667 0.166667 0.166667 0.166667 0.166667
5
5 0.166667 0.166667 0.166667 0.166667 0.166667
2 0.166667 0.166667
3 0.166667 0.166667 0.166667
4 0.166667 0.166667 0.166667 0.166667
4 0.166667 0.166667 0.166667 0.166667
4 0.166667 0.166667 0.166667 0.166667
5 0.166667 0.166667 0.166667 0.166667 0.166667
1 0.166667
5 0.166667 0.166667 0.166667 0.166667 0.166667
3 0.166667 0.166667 0.166667
1 0.166667
2 0.166667 0.166667
1 0.166667
1 0.166667
5 0.166667 0.166667 0.166667 0.166667 0.166667
6
5 0.166667 0.166667 0.166667 0.166667 0.166667
2 0.166667 0.166667
3 0.166667 0.166667 0.166667
4 0.166667 0.166667 0.166667 0.166667
4 0.166667 0.166667 0.166667 0.166667
4 0.166667 0.166667 0.166667 0.166667
5 0.166667 0.166667 0.166667 0.166667 0.166667
1 0.166667
5 0.166667 0.166667 0.166667 0.166667 0.166667
3 0.166667 0.166667 0.166667
1 0.166667
2 0.166667 0.166667
1 0.166667
1 0.166667
5 0.166667 0.166667 0.166667 0.166667 0.166667
7
5 0.166667 0.166667 0.166667 0.166667 0.166667
2 0.166667 0.166667
3 0.166667 0.166667 0.166667
4 0.166667 0.166667 0.166667 0.166667
4 0.166667 0.166667 0.166667 0.166667
4 0.166667 0.166667 0.166667 0.166667
5 0.166667 0.166667 0.166667 0.166667 0.166667
1 0.166667
5 0.166667 0.166667 0.166667 0.166667 0.166667
3 0.166667 0.166667 0.166667
1 0.166667
2 0.166667 0.166667
1 0.166667
1 0.166667
5 0.166667 0.166667 0.166667 0.166667 0.166667
8
5 0.166667 0.166667 0.166667 0.166667 0.166667
2 0.166667 0.166667
3 0.166667 0.166667 0.166667
4 0.166667 0.166667 0.166667 0.166667
4 0.166667 0.166667 0.166667 0.166667
4 0.166667 0.166667 0.166667 0.166667
5 0.166667 0.166667 0.166667 0.166667 0.166667
1 0.166667
5 0.166667 0.166667 0.166667 0.166667 0.166667
3 0.166667 0.166667 0.166667
1 0.166667
2 0.166667 0.166667
1 0.166667
1 0.166667
5 0.166667 0.166667 0.166667 0.166667 0.166667
9
5 0.166667 0.166667 0.166667 0.166667 0.166667
2 0.166667 0.166667
3 0.166667 0.166667 0.166667
4 0.166667 0.166667 0.166667 0.166667
4 0.166667 0.166667 0.166667 0.166667
4 0.166667 0.166667 0.166667 0.166667
5 0.166667 0.166667 0.166667 0.166667 0.166667
1 0.166667
5 0.166667 0.166667 0.166667 0.166667 0.166667
3 0.166667 0.166667 0.166667
1 0.166667
2 0.166667 0.166667
1 0.166667
1 0.166667
5 0.166667 0.166667 0.166667 0.166667 0.166667
10
5 0.166667 0.166667 0.166667 0.166667 0.166667
2 0.166667 0.166667
3 0.166667 0.166667 0.166667
4 0.166667 0.166667 0.166667 0.166667
4 0.166667 0.166667 0.166667 0.166667
4 0.166667 0.166667 0.166667 0.166667
5 0.166667 0.166667 0.166667 0.166667 0.166667
1 0.166667
5 0.166667 0.166667 0.166667 0.166667 0.166667
3 0.166667 0.166667 0.166667
1 0.166667
2 0.166667 0.166667
1 0.166667
1 0.166667
5 0.166667 0.166667 0.166667 0.166667 0.166667
11
5 0.166667 0.166667 0.166667 0.166667 0.166667
2 0.166667 0.166667
3 0.166667 0.166667 0.166667
4 0.166667 0.166667 0.166667 0.166667
4 0.166667 0.166667 0.166667 0.166667
4 0.166667 0.166667 0.166667 0.166667
5 0.166667 0.166667 0.166667 0.166667 0.166667
1 0.166667
5 0.166667 0.166667 0.166667 0.166667 0.166667
3 0.166667 0.166667 0.166667
1 0.166667
2 0.166667 0.166667
1 0.166667
1 0.166667
5 0.166667 0.166667 0.166667 0.166667 0.166667
12
5 0.166667 0.166667 0.166667 0.166667 0.166667
2 0.166667 0.166667
3 0.166667 0.166667 0.166667
4 0.166667 0.166667 0.166667 0.166667
4 0.166667 0.166667 0.166667 0.166667
4 0.166667 0.166667 0.166667 0.166667
5 0.166667 0.166667 0.166667 0.166667 0.166667
1 0.166667
5 0.166667 0.166667 0.166667 0.166667 0.166667
3 0.166667 0.166667 0.166667
1 0.166667
2 0.166667 0.166667
1 0.166667
1 0.166667
5 0.166667 0.166667 0.166667 0.166667 0.166667
13
5 0.166667 0.166667 0.166667 0.166667 0.166667
2 0.166667 0.166667
3 0.166667 0.166667 0.166667
4 0.166667 0.166667 0.166667 0.166667
4 0.166667 0.166667 0.166667 0.166667
4 0.166667 0.166667 0.166667 0.166667
5 0.166667 0.166667 0.166667 0.166667 0.166667
1 0.166667
5 0.166667 0.166667 0.166667 0.166667 0.166667
3 0.166667 0.166667 0.166667
1 0.166667
2 0.166667 0.166667
1 0.166667
1 0.166667
5 0.166667 0.166667 0.166667 0.166667 0.166667
14
5 0.166667 0.166667 0.166667 0.166667 0.166667
2 0.166667 0.166667
3 0.166667 0.166667 0.166667
4 0.166667 0.166667 0.166667 0.166667
4 0.166667 0.166667 0.166667 0.166667
4 0.166667 0.166667 0.166667 0.166667
5 0.166667 0.166667 0.166667 0.166667 0.166667
1 0.166667
5 0.166667 0.166667 0.166667 0.166667 0.166667
3 0.166667 0.166667 0.166667
1 0.166667
2 0.166667 0.166667
1 0.166667
1 0.166667
5 0.166667 0.166667 0.166667 0.166667 0.166667
15
5 0.166667 0.166667 0.166667 0.166667 0.166667
2 0.166667 0.166667
3 0.166667 0.166667 0.166667
4 0.166667 0.166667 0.166667 0.166667
4 0.166667 0.166667 0.166667 0.166667
4 0.166667 0.166667 0.166667 0.166667
5 0.166667 0.166667 0.166667 0.166667 0.166667
1 0.166667
5 0.166667 0.166667 0.166667 0.166667 0.166667
3 0.166667 0.166667 0.166667
1 0.166667
2 0.166667 0.166667
1 0.166667
1 0.166667
5 0.166667 0.166667 0.166667 0.166667 0.166667
16
5 0.166667 0.166667 0.166667 0.166667 0.166667
2 0.166667 0.166667
3 0.166667 0.166667 0.166667
4 0.166667 0.166667 0.166667 0.166667
4 0.166667 0.166667 0.166667 0.166667
4 0.166667 0.166667 0.166667 0.166667
5 0.166667 0.166667 0.166667 0.166667 0.166667
1 0.166667
5 0.166667 0.166667 0.166667 0.166667 0.166667
3 0.166667 0.166667 0.166667
1 0.166667
2 0.166667 0.166667
1 0.166667
1 0.166667
5 0.166667 0.166667 0.166667 0.166667 0.166667
17
5 0.166667 0.166667 0.166667 0.166667 0.166667
2 0.166667 0.166667
3 0.166667 0.166667 0.166667
4 0.166667 0.166667 0.166667 0.166667
4 0.166667 0.166667 0.166667 0.166667
4 0.166667 0.166667 0.166667 0.166667
5 0.166667 0.166667 0.166667 0.166667 0.166667
1 0.166667
5 0.166667 0.166667 0.166667 0.166667 0.166667
3 0.166667 0.166667 0.166667
1 0.166667
2 0.166667 0.166667
1 0.166667
1 0.166667
5 0.166667 0.166667 0.166667 0.166667 0.166667
18
5 0.166667 0.166667 0.166667 0.166667 0.166667
2 0.166667 0.166667
3 0.166667 0.166667 0.166667
4 0.166667 0.166667 0.166667 0.166667
4 0.166667 0.166667 0.166667 0.166667
4 0.166667 0.166667 0.166667 0.166667
5 0.166667 0.166667 0.166667 0.166667 0.166667
1 0.166667
5 0.166667 0.166667 0.166667 0.166667 0.166667
3 0.166667 0.166667 0.166667
1 0.166667
2 0.166667 0.166667
1 0.166667
1 0.166667
5 0.166667 0.166667 0.166667 0.166667 0.166667
19
5 0.166667 0.166667 0.166667 0.166667 0.166667
2 0.166667 0.166667
3 0.166667 0.166667 0.166667
4 0.166667 0.166667 0.166667 0.166667
4 0.166667 0.166667 0.166667 0.166667
4 0.166667 0.166667 0.166667 0.166667
5 0.166667 0.166667 0.166667 0.166667 0.166667
1 0.166667
5 0.166667 0.166667 0.166667 0.166667 0.166667
3 0.166667 0.166667 0.166667
1 0.166667
2 0.166667 0.166667
1 0.166667
1 0.166667
5 0.166667 0.166667 0.166667 0.166667 0.166667
20
5 0.166667 0.166667 0.166667 0.166667 0.166667
2 0.166667 0.166667
3 0.166667 0.166667 0.166667
4 0.166667 0.166667 0.166667 0.166667
4 0.166667 0.166667 0.166667 0.166667
4 0.166667 0.166667 0.166667 0.166667
5 0.166667 0.166667 0.166667 0.166667 0.166667
1 0.166667
5 0.166667 0.166667 0.166667 0.166667 0.166667
3 0.166667 0.166667 0.166667
1 0.166667
2 0.166667 0.166667
1 0.166667
1 0.166667
5 0.166667 0.166667 0.166667 0.166667 0.166667
0.0833333 0.0833333 
0.166667 0.166667 0.166667 0.166667 0.166667 0.166667 0.166667 0.166667 0.166667 0.166667 0.166667 0.166667 0.166667 0.166667 0.166667 
8.5 8 10 8.5 8 8 8 15.5 9 8 14.5 15 14.5 16 8.5 
11.6667 9.16667 11.8333 11 10.5 10.5 11.1667 16 12.1667 9.83333 15 16.1667 15 16.5 11.6667 
7 7 
18 18 
