p-C101-P2C15-I2-V3.txt
2
15
20
0.5
90
10 1 2 3 4 5 6 7 8 9 10
10 11 12 13 14 15 16 17 18 19 20
3 1 2 3
5 1 2 3 4 5
3 1 2 3
2 1 2
2 1 2
2 1 2
5 1 2 3 4 5
4 1 2 3 4
2 1 2
2 1 2
2 1 2
4 1 2 3 4
5 1 2 3 4 5
5 1 2 3 4 5
1 1
78 76 20 39 30 30 40 24 80 36 61 32 26 41 72 
17 22 63 45 61 59 50 61 14 59 17 57 56 63 10 
78 17 
76 22 
20 63 
39 45 
30 61 
30 59 
40 50 
24 61 
80 14 
36 59 
61 17 
32 57 
26 56 
41 63 
72 10 
1
3 10 10 10
5 10 10 10 10 10
3 10 10 10
2 10 10
2 10 10
2 10 10
5 10 10 10 10 10
4 10 10 10 10
2 10 10
2 10 10
2 10 10
4 10 10 10 10
5 10 10 10 10 10
5 10 10 10 10 10
1 10
2
3 10 10 10
5 10 10 10 10 10
3 10 10 10
2 10 10
2 10 10
2 10 10
5 10 10 10 10 10
4 10 10 10 10
2 10 10
2 10 10
2 10 10
4 10 10 10 10
5 10 10 10 10 10
5 10 10 10 10 10
1 10
3
3 10 10 10
5 10 10 10 10 10
3 10 10 10
2 10 10
2 10 10
2 10 10
5 10 10 10 10 10
4 10 10 10 10
2 10 10
2 10 10
2 10 10
4 10 10 10 10
5 10 10 10 10 10
5 10 10 10 10 10
1 10
4
3 10 10 10
5 10 10 10 10 10
3 10 10 10
2 10 10
2 10 10
2 10 10
5 10 10 10 10 10
4 10 10 10 10
2 10 10
2 10 10
2 10 10
4 10 10 10 10
5 10 10 10 10 10
5 10 10 10 10 10
1 10
5
3 10 10 10
5 10 10 10 10 10
3 10 10 10
2 10 10
2 10 10
2 10 10
5 10 10 10 10 10
4 10 10 10 10
2 10 10
2 10 10
2 10 10
4 10 10 10 10
5 10 10 10 10 10
5 10 10 10 10 10
1 10
6
3 10 10 10
5 10 10 10 10 10
3 10 10 10
2 10 10
2 10 10
2 10 10
5 10 10 10 10 10
4 10 10 10 10
2 10 10
2 10 10
2 10 10
4 10 10 10 10
5 10 10 10 10 10
5 10 10 10 10 10
1 10
7
3 10 10 10
5 10 10 10 10 10
3 10 10 10
2 10 10
2 10 10
2 10 10
5 10 10 10 10 10
4 10 10 10 10
2 10 10
2 10 10
2 10 10
4 10 10 10 10
5 10 10 10 10 10
5 10 10 10 10 10
1 10
8
3 10 10 10
5 10 10 10 10 10
3 10 10 10
2 10 10
2 10 10
2 10 10
5 10 10 10 10 10
4 10 10 10 10
2 10 10
2 10 10
2 10 10
4 10 10 10 10
5 10 10 10 10 10
5 10 10 10 10 10
1 10
9
3 10 10 10
5 10 10 10 10 10
3 10 10 10
2 10 10
2 10 10
2 10 10
5 10 10 10 10 10
4 10 10 10 10
2 10 10
2 10 10
2 10 10
4 10 10 10 10
5 10 10 10 10 10
5 10 10 10 10 10
1 10
10
3 10 10 10
5 10 10 10 10 10
3 10 10 10
2 10 10
2 10 10
2 10 10
5 10 10 10 10 10
4 10 10 10 10
2 10 10
2 10 10
2 10 10
4 10 10 10 10
5 10 10 10 10 10
5 10 10 10 10 10
1 10
11
3 10 10 10
5 10 10 10 10 10
3 10 10 10
2 10 10
2 10 10
2 10 10
5 10 10 10 10 10
4 10 10 10 10
2 10 10
2 10 10
2 10 10
4 10 10 10 10
5 10 10 10 10 10
5 10 10 10 10 10
1 10
12
3 10 10 10
5 10 10 10 10 10
3 10 10 10
2 10 10
2 10 10
2 10 10
5 10 10 10 10 10
4 10 10 10 10
2 10 10
2 10 10
2 10 10
4 10 10 10 10
5 10 10 10 10 10
5 10 10 10 10 10
1 10
13
3 10 10 10
5 10 10 10 10 10
3 10 10 10
2 10 10
2 10 10
2 10 10
5 10 10 10 10 10
4 10 10 10 10
2 10 10
2 10 10
2 10 10
4 10 10 10 10
5 10 10 10 10 10
5 10 10 10 10 10
1 10
14
3 10 10 10
5 10 10 10 10 10
3 10 10 10
2 10 10
2 10 10
2 10 10
5 10 10 10 10 10
4 10 10 10 10
2 10 10
2 10 10
2 10 10
4 10 10 10 10
5 10 10 10 10 10
5 10 10 10 10 10
1 10
15
3 10 10 10
5 10 10 10 10 10
3 10 10 10
2 10 10
2 10 10
2 10 10
5 10 10 10 10 10
4 10 10 10 10
2 10 10
2 10 10
2 10 10
4 10 10 10 10
5 10 10 10 10 10
5 10 10 10 10 10
1 10
16
3 10 10 10
5 10 10 10 10 10
3 10 10 10
2 10 10
2 10 10
2 10 10
5 10 10 10 10 10
4 10 10 10 10
2 10 10
2 10 10
2 10 10
4 10 10 10 10
5 10 10 10 10 10
5 10 10 10 10 10
1 10
17
3 10 10 10
5 10 10 10 10 10
3 10 10 10
2 10 10
2 10 10
2 10 10
5 10 10 10 10 10
4 10 10 10 10
2 10 10
2 10 10
2 10 10
4 10 10 10 10
5 10 10 10 10 10
5 10 10 10 10 10
1 10
18
3 10 10 10
5 10 10 10 10 10
3 10 10 10
2 10 10
2 10 10
2 10 10
5 10 10 10 10 10
4 10 10 10 10
2 10 10
2 10 10
2 10 10
4 10 10 10 10
5 10 10 10 10 10
5 10 10 10 10 10
1 10
19
3 10 10 10
5 10 10 10 10 10
3 10 10 10
2 10 10
2 10 10
2 10 10
5 10 10 10 10 10
4 10 10 10 10
2 10 10
2 10 10
2 10 10
4 10 10 10 10
5 10 10 10 10 10
5 10 10 10 10 10
1 10
20
3 10 10 10
5 10 10 10 10 10
3 10 10 10
2 10 10
2 10 10
2 10 10
5 10 10 10 10 10
4 10 10 10 10
2 10 10
2 10 10
2 10 10
4 10 10 10 10
5 10 10 10 10 10
5 10 10 10 10 10
1 10
5 5 
10 10 10 10 10 10 10 10 10 10 10 10 10 10 10 
900 510 600 900 540 870 510 540 810 480 810 930 630 810 810 
950 600 650 930 570 900 600 610 840 510 840 1000 720 900 820 
420 420 
1080 1080 
