p-C101-P1C8-I2-V2.txt
1
8
10
0.5
90
10 1 2 3 4 5 6 7 8 9 10
3 1 2 3
5 1 2 3 4 5
2 1 2
3 1 2 3
2 1 2
5 1 2 3 4 5
3 1 2 3
5 1 2 3 4 5
33 32 38 26 30 61 78 37 
33 
32 
38 
26 
30 
61 
78 
37 
1
3 10 10 10
5 10 10 10 10 10
2 10 10
3 10 10 10
2 10 10
5 10 10 10 10 10
3 10 10 10
5 10 10 10 10 10
2
3 10 10 10
5 10 10 10 10 10
2 10 10
3 10 10 10
2 10 10
5 10 10 10 10 10
3 10 10 10
5 10 10 10 10 10
3
3 10 10 10
5 10 10 10 10 10
2 10 10
3 10 10 10
2 10 10
5 10 10 10 10 10
3 10 10 10
5 10 10 10 10 10
4
3 10 10 10
5 10 10 10 10 10
2 10 10
3 10 10 10
2 10 10
5 10 10 10 10 10
3 10 10 10
5 10 10 10 10 10
5
3 10 10 10
5 10 10 10 10 10
2 10 10
3 10 10 10
2 10 10
5 10 10 10 10 10
3 10 10 10
5 10 10 10 10 10
6
3 10 10 10
5 10 10 10 10 10
2 10 10
3 10 10 10
2 10 10
5 10 10 10 10 10
3 10 10 10
5 10 10 10 10 10
7
3 10 10 10
5 10 10 10 10 10
2 10 10
3 10 10 10
2 10 10
5 10 10 10 10 10
3 10 10 10
5 10 10 10 10 10
8
3 10 10 10
5 10 10 10 10 10
2 10 10
3 10 10 10
2 10 10
5 10 10 10 10 10
3 10 10 10
5 10 10 10 10 10
9
3 10 10 10
5 10 10 10 10 10
2 10 10
3 10 10 10
2 10 10
5 10 10 10 10 10
3 10 10 10
5 10 10 10 10 10
10
3 10 10 10
5 10 10 10 10 10
2 10 10
3 10 10 10
2 10 10
5 10 10 10 10 10
3 10 10 10
5 10 10 10 10 10
5 
10 10 10 10 10 10 10 10 
870 840 960 840 510 480 630 480 
920 930 990 890 540 570 680 570 
420 
1080 
