p-C101-P1C5-I3-V2.txt
1
5
10
0.5
90
10 1 2 3 4 5 6 7 8 9 10
4 1 2 3 4
1 1
5 1 2 3 4 5
1 1
4 1 2 3 4
41 24 76 20 78 
41 
24 
76 
20 
78 
1
4 10 10 10 10
1 10
5 10 10 10 10 10
1 10
4 10 10 10 10
2
4 10 10 10 10
1 10
5 10 10 10 10 10
1 10
4 10 10 10 10
3
4 10 10 10 10
1 10
5 10 10 10 10 10
1 10
4 10 10 10 10
4
4 10 10 10 10
1 10
5 10 10 10 10 10
1 10
4 10 10 10 10
5
4 10 10 10 10
1 10
5 10 10 10 10 10
1 10
4 10 10 10 10
6
4 10 10 10 10
1 10
5 10 10 10 10 10
1 10
4 10 10 10 10
7
4 10 10 10 10
1 10
5 10 10 10 10 10
1 10
4 10 10 10 10
8
4 10 10 10 10
1 10
5 10 10 10 10 10
1 10
4 10 10 10 10
9
4 10 10 10 10
1 10
5 10 10 10 10 10
1 10
4 10 10 10 10
10
4 10 10 10 10
1 10
5 10 10 10 10 10
1 10
4 10 10 10 10
5 
10 10 10 10 10 
510 540 810 540 510 
620 560 950 560 620 
420 
1080 
