p-C101-P2C10-I2-V2.txt
2
10
20
0.5
90
10 1 2 3 4 5 6 7 8 9 10
10 11 12 13 14 15 16 17 18 19 20
1 1
5 1 2 3 4 5
2 1 2
4 1 2 3 4
1 1
3 1 2 3
4 1 2 3 4
5 1 2 3 4 5
5 1 2 3 4 5
5 1 2 3 4 5
30 36 76 80 72 78 41 70 30 32 
44 8 39 46 41 50 14 47 12 11 
30 44 
36 8 
76 39 
80 46 
72 41 
78 50 
41 14 
70 47 
30 12 
32 11 
1
1 10
5 10 10 10 10 10
2 10 10
4 10 10 10 10
1 10
3 10 10 10
4 10 10 10 10
5 10 10 10 10 10
5 10 10 10 10 10
5 10 10 10 10 10
2
1 10
5 10 10 10 10 10
2 10 10
4 10 10 10 10
1 10
3 10 10 10
4 10 10 10 10
5 10 10 10 10 10
5 10 10 10 10 10
5 10 10 10 10 10
3
1 10
5 10 10 10 10 10
2 10 10
4 10 10 10 10
1 10
3 10 10 10
4 10 10 10 10
5 10 10 10 10 10
5 10 10 10 10 10
5 10 10 10 10 10
4
1 10
5 10 10 10 10 10
2 10 10
4 10 10 10 10
1 10
3 10 10 10
4 10 10 10 10
5 10 10 10 10 10
5 10 10 10 10 10
5 10 10 10 10 10
5
1 10
5 10 10 10 10 10
2 10 10
4 10 10 10 10
1 10
3 10 10 10
4 10 10 10 10
5 10 10 10 10 10
5 10 10 10 10 10
5 10 10 10 10 10
6
1 10
5 10 10 10 10 10
2 10 10
4 10 10 10 10
1 10
3 10 10 10
4 10 10 10 10
5 10 10 10 10 10
5 10 10 10 10 10
5 10 10 10 10 10
7
1 10
5 10 10 10 10 10
2 10 10
4 10 10 10 10
1 10
3 10 10 10
4 10 10 10 10
5 10 10 10 10 10
5 10 10 10 10 10
5 10 10 10 10 10
8
1 10
5 10 10 10 10 10
2 10 10
4 10 10 10 10
1 10
3 10 10 10
4 10 10 10 10
5 10 10 10 10 10
5 10 10 10 10 10
5 10 10 10 10 10
9
1 10
5 10 10 10 10 10
2 10 10
4 10 10 10 10
1 10
3 10 10 10
4 10 10 10 10
5 10 10 10 10 10
5 10 10 10 10 10
5 10 10 10 10 10
10
1 10
5 10 10 10 10 10
2 10 10
4 10 10 10 10
1 10
3 10 10 10
4 10 10 10 10
5 10 10 10 10 10
5 10 10 10 10 10
5 10 10 10 10 10
11
1 10
5 10 10 10 10 10
2 10 10
4 10 10 10 10
1 10
3 10 10 10
4 10 10 10 10
5 10 10 10 10 10
5 10 10 10 10 10
5 10 10 10 10 10
12
1 10
5 10 10 10 10 10
2 10 10
4 10 10 10 10
1 10
3 10 10 10
4 10 10 10 10
5 10 10 10 10 10
5 10 10 10 10 10
5 10 10 10 10 10
13
1 10
5 10 10 10 10 10
2 10 10
4 10 10 10 10
1 10
3 10 10 10
4 10 10 10 10
5 10 10 10 10 10
5 10 10 10 10 10
5 10 10 10 10 10
14
1 10
5 10 10 10 10 10
2 10 10
4 10 10 10 10
1 10
3 10 10 10
4 10 10 10 10
5 10 10 10 10 10
5 10 10 10 10 10
5 10 10 10 10 10
15
1 10
5 10 10 10 10 10
2 10 10
4 10 10 10 10
1 10
3 10 10 10
4 10 10 10 10
5 10 10 10 10 10
5 10 10 10 10 10
5 10 10 10 10 10
16
1 10
5 10 10 10 10 10
2 10 10
4 10 10 10 10
1 10
3 10 10 10
4 10 10 10 10
5 10 10 10 10 10
5 10 10 10 10 10
5 10 10 10 10 10
17
1 10
5 10 10 10 10 10
2 10 10
4 10 10 10 10
1 10
3 10 10 10
4 10 10 10 10
5 10 10 10 10 10
5 10 10 10 10 10
5 10 10 10 10 10
18
1 10
5 10 10 10 10 10
2 10 10
4 10 10 10 10
1 10
3 10 10 10
4 10 10 10 10
5 10 10 10 10 10
5 10 10 10 10 10
5 10 10 10 10 10
19
1 10
5 10 10 10 10 10
2 10 10
4 10 10 10 10
1 10
3 10 10 10
4 10 10 10 10
5 10 10 10 10 10
5 10 10 10 10 10
5 10 10 10 10 10
20
1 10
5 10 10 10 10 10
2 10 10
4 10 10 10 10
1 10
3 10 10 10
4 10 10 10 10
5 10 10 10 10 10
5 10 10 10 10 10
5 10 10 10 10 10
5 5 
10 10 10 10 10 10 10 10 10 10 
660 870 900 600 840 540 930 570 480 810 
670 960 930 670 850 590 1000 660 570 900 
420 420 
1080 1080 
