p-C101-P2C10-I3-V3.txt
2
10
20
0.5
90
10 1 2 3 4 5 6 7 8 9 10
10 11 12 13 14 15 16 17 18 19 20
3 1 2 3
5 1 2 3 4 5
1 1
5 1 2 3 4 5
5 1 2 3 4 5
3 1 2 3
5 1 2 3 4 5
3 1 2 3
4 1 2 3 4
4 1 2 3 4
78 30 20 36 32 40 41 76 32 72 
20 50 48 34 43 33 47 20 40 10 
78 20 
30 50 
20 48 
36 34 
32 43 
40 33 
41 47 
76 20 
32 40 
72 10 
1
3 10 10 10
5 10 10 10 10 10
1 10
5 10 10 10 10 10
5 10 10 10 10 10
3 10 10 10
5 10 10 10 10 10
3 10 10 10
4 10 10 10 10
4 10 10 10 10
2
3 10 10 10
5 10 10 10 10 10
1 10
5 10 10 10 10 10
5 10 10 10 10 10
3 10 10 10
5 10 10 10 10 10
3 10 10 10
4 10 10 10 10
4 10 10 10 10
3
3 10 10 10
5 10 10 10 10 10
1 10
5 10 10 10 10 10
5 10 10 10 10 10
3 10 10 10
5 10 10 10 10 10
3 10 10 10
4 10 10 10 10
4 10 10 10 10
4
3 10 10 10
5 10 10 10 10 10
1 10
5 10 10 10 10 10
5 10 10 10 10 10
3 10 10 10
5 10 10 10 10 10
3 10 10 10
4 10 10 10 10
4 10 10 10 10
5
3 10 10 10
5 10 10 10 10 10
1 10
5 10 10 10 10 10
5 10 10 10 10 10
3 10 10 10
5 10 10 10 10 10
3 10 10 10
4 10 10 10 10
4 10 10 10 10
6
3 10 10 10
5 10 10 10 10 10
1 10
5 10 10 10 10 10
5 10 10 10 10 10
3 10 10 10
5 10 10 10 10 10
3 10 10 10
4 10 10 10 10
4 10 10 10 10
7
3 10 10 10
5 10 10 10 10 10
1 10
5 10 10 10 10 10
5 10 10 10 10 10
3 10 10 10
5 10 10 10 10 10
3 10 10 10
4 10 10 10 10
4 10 10 10 10
8
3 10 10 10
5 10 10 10 10 10
1 10
5 10 10 10 10 10
5 10 10 10 10 10
3 10 10 10
5 10 10 10 10 10
3 10 10 10
4 10 10 10 10
4 10 10 10 10
9
3 10 10 10
5 10 10 10 10 10
1 10
5 10 10 10 10 10
5 10 10 10 10 10
3 10 10 10
5 10 10 10 10 10
3 10 10 10
4 10 10 10 10
4 10 10 10 10
10
3 10 10 10
5 10 10 10 10 10
1 10
5 10 10 10 10 10
5 10 10 10 10 10
3 10 10 10
5 10 10 10 10 10
3 10 10 10
4 10 10 10 10
4 10 10 10 10
11
3 10 10 10
5 10 10 10 10 10
1 10
5 10 10 10 10 10
5 10 10 10 10 10
3 10 10 10
5 10 10 10 10 10
3 10 10 10
4 10 10 10 10
4 10 10 10 10
12
3 10 10 10
5 10 10 10 10 10
1 10
5 10 10 10 10 10
5 10 10 10 10 10
3 10 10 10
5 10 10 10 10 10
3 10 10 10
4 10 10 10 10
4 10 10 10 10
13
3 10 10 10
5 10 10 10 10 10
1 10
5 10 10 10 10 10
5 10 10 10 10 10
3 10 10 10
5 10 10 10 10 10
3 10 10 10
4 10 10 10 10
4 10 10 10 10
14
3 10 10 10
5 10 10 10 10 10
1 10
5 10 10 10 10 10
5 10 10 10 10 10
3 10 10 10
5 10 10 10 10 10
3 10 10 10
4 10 10 10 10
4 10 10 10 10
15
3 10 10 10
5 10 10 10 10 10
1 10
5 10 10 10 10 10
5 10 10 10 10 10
3 10 10 10
5 10 10 10 10 10
3 10 10 10
4 10 10 10 10
4 10 10 10 10
16
3 10 10 10
5 10 10 10 10 10
1 10
5 10 10 10 10 10
5 10 10 10 10 10
3 10 10 10
5 10 10 10 10 10
3 10 10 10
4 10 10 10 10
4 10 10 10 10
17
3 10 10 10
5 10 10 10 10 10
1 10
5 10 10 10 10 10
5 10 10 10 10 10
3 10 10 10
5 10 10 10 10 10
3 10 10 10
4 10 10 10 10
4 10 10 10 10
18
3 10 10 10
5 10 10 10 10 10
1 10
5 10 10 10 10 10
5 10 10 10 10 10
3 10 10 10
5 10 10 10 10 10
3 10 10 10
4 10 10 10 10
4 10 10 10 10
19
3 10 10 10
5 10 10 10 10 10
1 10
5 10 10 10 10 10
5 10 10 10 10 10
3 10 10 10
5 10 10 10 10 10
3 10 10 10
4 10 10 10 10
4 10 10 10 10
20
3 10 10 10
5 10 10 10 10 10
1 10
5 10 10 10 10 10
5 10 10 10 10 10
3 10 10 10
5 10 10 10 10 10
3 10 10 10
4 10 10 10 10
4 10 10 10 10
5 5 
10 10 10 10 10 10 10 10 10 10 
510 660 840 510 510 510 870 930 810 570 
590 800 860 650 650 590 1010 1010 920 680 
420 420 
1080 1080 
