p-C101-P2C10-I2-V1.txt
2
10
20
0.5
90
10 1 2 3 4 5 6 7 8 9 10
10 11 12 13 14 15 16 17 18 19 20
1 1
3 1 2 3
1 1
3 1 2 3
2 1 2
3 1 2 3
1 1
2 1 2
4 1 2 3 4
1 1
61 80 76 20 37 38 70 30 72 24 
46 66 66 10 51 45 50 42 56 6 
61 46 
80 66 
76 66 
20 10 
37 51 
38 45 
70 50 
30 42 
72 56 
24 6 
1
1 10
3 10 10 10
1 10
3 10 10 10
2 10 10
3 10 10 10
1 10
2 10 10
4 10 10 10 10
1 10
2
1 10
3 10 10 10
1 10
3 10 10 10
2 10 10
3 10 10 10
1 10
2 10 10
4 10 10 10 10
1 10
3
1 10
3 10 10 10
1 10
3 10 10 10
2 10 10
3 10 10 10
1 10
2 10 10
4 10 10 10 10
1 10
4
1 10
3 10 10 10
1 10
3 10 10 10
2 10 10
3 10 10 10
1 10
2 10 10
4 10 10 10 10
1 10
5
1 10
3 10 10 10
1 10
3 10 10 10
2 10 10
3 10 10 10
1 10
2 10 10
4 10 10 10 10
1 10
6
1 10
3 10 10 10
1 10
3 10 10 10
2 10 10
3 10 10 10
1 10
2 10 10
4 10 10 10 10
1 10
7
1 10
3 10 10 10
1 10
3 10 10 10
2 10 10
3 10 10 10
1 10
2 10 10
4 10 10 10 10
1 10
8
1 10
3 10 10 10
1 10
3 10 10 10
2 10 10
3 10 10 10
1 10
2 10 10
4 10 10 10 10
1 10
9
1 10
3 10 10 10
1 10
3 10 10 10
2 10 10
3 10 10 10
1 10
2 10 10
4 10 10 10 10
1 10
10
1 10
3 10 10 10
1 10
3 10 10 10
2 10 10
3 10 10 10
1 10
2 10 10
4 10 10 10 10
1 10
11
1 10
3 10 10 10
1 10
3 10 10 10
2 10 10
3 10 10 10
1 10
2 10 10
4 10 10 10 10
1 10
12
1 10
3 10 10 10
1 10
3 10 10 10
2 10 10
3 10 10 10
1 10
2 10 10
4 10 10 10 10
1 10
13
1 10
3 10 10 10
1 10
3 10 10 10
2 10 10
3 10 10 10
1 10
2 10 10
4 10 10 10 10
1 10
14
1 10
3 10 10 10
1 10
3 10 10 10
2 10 10
3 10 10 10
1 10
2 10 10
4 10 10 10 10
1 10
15
1 10
3 10 10 10
1 10
3 10 10 10
2 10 10
3 10 10 10
1 10
2 10 10
4 10 10 10 10
1 10
16
1 10
3 10 10 10
1 10
3 10 10 10
2 10 10
3 10 10 10
1 10
2 10 10
4 10 10 10 10
1 10
17
1 10
3 10 10 10
1 10
3 10 10 10
2 10 10
3 10 10 10
1 10
2 10 10
4 10 10 10 10
1 10
18
1 10
3 10 10 10
1 10
3 10 10 10
2 10 10
3 10 10 10
1 10
2 10 10
4 10 10 10 10
1 10
19
1 10
3 10 10 10
1 10
3 10 10 10
2 10 10
3 10 10 10
1 10
2 10 10
4 10 10 10 10
1 10
20
1 10
3 10 10 10
1 10
3 10 10 10
2 10 10
3 10 10 10
1 10
2 10 10
4 10 10 10 10
1 10
5 5 
10 10 10 10 10 10 10 10 10 10 
960 900 810 810 630 570 570 660 510 840 
970 950 820 860 660 620 580 690 580 850 
420 420 
1080 1080 
