p-C101-P2C15-I3-V2.txt
2
15
20
0.5
90
10 1 2 3 4 5 6 7 8 9 10
10 11 12 13 14 15 16 17 18 19 20
5 1 2 3 4 5
5 1 2 3 4 5
3 1 2 3
3 1 2 3
3 1 2 3
3 1 2 3
4 1 2 3 4
4 1 2 3 4
1 1
1 1
5 1 2 3 4 5
2 1 2
3 1 2 3
4 1 2 3 4
3 1 2 3
37 30 20 36 38 24 39 66 26 41 32 61 30 80 40 
55 56 63 50 45 58 37 10 52 53 52 10 60 10 41 
37 55 
30 56 
20 63 
36 50 
38 45 
24 58 
39 37 
66 10 
26 52 
41 53 
32 52 
61 10 
30 60 
80 10 
40 41 
1
5 10 10 10 10 10
5 10 10 10 10 10
3 10 10 10
3 10 10 10
3 10 10 10
3 10 10 10
4 10 10 10 10
4 10 10 10 10
1 10
1 10
5 10 10 10 10 10
2 10 10
3 10 10 10
4 10 10 10 10
3 10 10 10
2
5 10 10 10 10 10
5 10 10 10 10 10
3 10 10 10
3 10 10 10
3 10 10 10
3 10 10 10
4 10 10 10 10
4 10 10 10 10
1 10
1 10
5 10 10 10 10 10
2 10 10
3 10 10 10
4 10 10 10 10
3 10 10 10
3
5 10 10 10 10 10
5 10 10 10 10 10
3 10 10 10
3 10 10 10
3 10 10 10
3 10 10 10
4 10 10 10 10
4 10 10 10 10
1 10
1 10
5 10 10 10 10 10
2 10 10
3 10 10 10
4 10 10 10 10
3 10 10 10
4
5 10 10 10 10 10
5 10 10 10 10 10
3 10 10 10
3 10 10 10
3 10 10 10
3 10 10 10
4 10 10 10 10
4 10 10 10 10
1 10
1 10
5 10 10 10 10 10
2 10 10
3 10 10 10
4 10 10 10 10
3 10 10 10
5
5 10 10 10 10 10
5 10 10 10 10 10
3 10 10 10
3 10 10 10
3 10 10 10
3 10 10 10
4 10 10 10 10
4 10 10 10 10
1 10
1 10
5 10 10 10 10 10
2 10 10
3 10 10 10
4 10 10 10 10
3 10 10 10
6
5 10 10 10 10 10
5 10 10 10 10 10
3 10 10 10
3 10 10 10
3 10 10 10
3 10 10 10
4 10 10 10 10
4 10 10 10 10
1 10
1 10
5 10 10 10 10 10
2 10 10
3 10 10 10
4 10 10 10 10
3 10 10 10
7
5 10 10 10 10 10
5 10 10 10 10 10
3 10 10 10
3 10 10 10
3 10 10 10
3 10 10 10
4 10 10 10 10
4 10 10 10 10
1 10
1 10
5 10 10 10 10 10
2 10 10
3 10 10 10
4 10 10 10 10
3 10 10 10
8
5 10 10 10 10 10
5 10 10 10 10 10
3 10 10 10
3 10 10 10
3 10 10 10
3 10 10 10
4 10 10 10 10
4 10 10 10 10
1 10
1 10
5 10 10 10 10 10
2 10 10
3 10 10 10
4 10 10 10 10
3 10 10 10
9
5 10 10 10 10 10
5 10 10 10 10 10
3 10 10 10
3 10 10 10
3 10 10 10
3 10 10 10
4 10 10 10 10
4 10 10 10 10
1 10
1 10
5 10 10 10 10 10
2 10 10
3 10 10 10
4 10 10 10 10
3 10 10 10
10
5 10 10 10 10 10
5 10 10 10 10 10
3 10 10 10
3 10 10 10
3 10 10 10
3 10 10 10
4 10 10 10 10
4 10 10 10 10
1 10
1 10
5 10 10 10 10 10
2 10 10
3 10 10 10
4 10 10 10 10
3 10 10 10
11
5 10 10 10 10 10
5 10 10 10 10 10
3 10 10 10
3 10 10 10
3 10 10 10
3 10 10 10
4 10 10 10 10
4 10 10 10 10
1 10
1 10
5 10 10 10 10 10
2 10 10
3 10 10 10
4 10 10 10 10
3 10 10 10
12
5 10 10 10 10 10
5 10 10 10 10 10
3 10 10 10
3 10 10 10
3 10 10 10
3 10 10 10
4 10 10 10 10
4 10 10 10 10
1 10
1 10
5 10 10 10 10 10
2 10 10
3 10 10 10
4 10 10 10 10
3 10 10 10
13
5 10 10 10 10 10
5 10 10 10 10 10
3 10 10 10
3 10 10 10
3 10 10 10
3 10 10 10
4 10 10 10 10
4 10 10 10 10
1 10
1 10
5 10 10 10 10 10
2 10 10
3 10 10 10
4 10 10 10 10
3 10 10 10
14
5 10 10 10 10 10
5 10 10 10 10 10
3 10 10 10
3 10 10 10
3 10 10 10
3 10 10 10
4 10 10 10 10
4 10 10 10 10
1 10
1 10
5 10 10 10 10 10
2 10 10
3 10 10 10
4 10 10 10 10
3 10 10 10
15
5 10 10 10 10 10
5 10 10 10 10 10
3 10 10 10
3 10 10 10
3 10 10 10
3 10 10 10
4 10 10 10 10
4 10 10 10 10
1 10
1 10
5 10 10 10 10 10
2 10 10
3 10 10 10
4 10 10 10 10
3 10 10 10
16
5 10 10 10 10 10
5 10 10 10 10 10
3 10 10 10
3 10 10 10
3 10 10 10
3 10 10 10
4 10 10 10 10
4 10 10 10 10
1 10
1 10
5 10 10 10 10 10
2 10 10
3 10 10 10
4 10 10 10 10
3 10 10 10
17
5 10 10 10 10 10
5 10 10 10 10 10
3 10 10 10
3 10 10 10
3 10 10 10
3 10 10 10
4 10 10 10 10
4 10 10 10 10
1 10
1 10
5 10 10 10 10 10
2 10 10
3 10 10 10
4 10 10 10 10
3 10 10 10
18
5 10 10 10 10 10
5 10 10 10 10 10
3 10 10 10
3 10 10 10
3 10 10 10
3 10 10 10
4 10 10 10 10
4 10 10 10 10
1 10
1 10
5 10 10 10 10 10
2 10 10
3 10 10 10
4 10 10 10 10
3 10 10 10
19
5 10 10 10 10 10
5 10 10 10 10 10
3 10 10 10
3 10 10 10
3 10 10 10
3 10 10 10
4 10 10 10 10
4 10 10 10 10
1 10
1 10
5 10 10 10 10 10
2 10 10
3 10 10 10
4 10 10 10 10
3 10 10 10
20
5 10 10 10 10 10
5 10 10 10 10 10
3 10 10 10
3 10 10 10
3 10 10 10
3 10 10 10
4 10 10 10 10
4 10 10 10 10
1 10
1 10
5 10 10 10 10 10
2 10 10
3 10 10 10
4 10 10 10 10
3 10 10 10
5 5 
10 10 10 10 10 10 10 10 10 10 10 10 10 10 10 
540 510 930 480 810 540 540 480 930 540 480 600 630 600 630 
680 650 1010 560 890 620 650 590 950 560 620 650 710 710 710 
420 420 
1080 1080 
