p-C101-P1C8-I3-V2.txt
1
8
10
0.5
90
10 1 2 3 4 5 6 7 8 9 10
4 1 2 3 4
4 1 2 3 4
3 1 2 3
4 1 2 3 4
4 1 2 3 4
3 1 2 3
5 1 2 3 4 5
2 1 2
24 80 33 37 36 70 30 78 
24 
80 
33 
37 
36 
70 
30 
78 
1
4 10 10 10 10
4 10 10 10 10
3 10 10 10
4 10 10 10 10
4 10 10 10 10
3 10 10 10
5 10 10 10 10 10
2 10 10
2
4 10 10 10 10
4 10 10 10 10
3 10 10 10
4 10 10 10 10
4 10 10 10 10
3 10 10 10
5 10 10 10 10 10
2 10 10
3
4 10 10 10 10
4 10 10 10 10
3 10 10 10
4 10 10 10 10
4 10 10 10 10
3 10 10 10
5 10 10 10 10 10
2 10 10
4
4 10 10 10 10
4 10 10 10 10
3 10 10 10
4 10 10 10 10
4 10 10 10 10
3 10 10 10
5 10 10 10 10 10
2 10 10
5
4 10 10 10 10
4 10 10 10 10
3 10 10 10
4 10 10 10 10
4 10 10 10 10
3 10 10 10
5 10 10 10 10 10
2 10 10
6
4 10 10 10 10
4 10 10 10 10
3 10 10 10
4 10 10 10 10
4 10 10 10 10
3 10 10 10
5 10 10 10 10 10
2 10 10
7
4 10 10 10 10
4 10 10 10 10
3 10 10 10
4 10 10 10 10
4 10 10 10 10
3 10 10 10
5 10 10 10 10 10
2 10 10
8
4 10 10 10 10
4 10 10 10 10
3 10 10 10
4 10 10 10 10
4 10 10 10 10
3 10 10 10
5 10 10 10 10 10
2 10 10
9
4 10 10 10 10
4 10 10 10 10
3 10 10 10
4 10 10 10 10
4 10 10 10 10
3 10 10 10
5 10 10 10 10 10
2 10 10
10
4 10 10 10 10
4 10 10 10 10
3 10 10 10
4 10 10 10 10
4 10 10 10 10
3 10 10 10
5 10 10 10 10 10
2 10 10
5 
10 10 10 10 10 10 10 10 
600 480 630 540 510 630 510 630 
710 590 710 650 620 710 650 680 
420 
1080 
