p-C101-P1C5-I4-V1.txt
1
5
10
0.5
90
10 1 2 3 4 5 6 7 8 9 10
2 1 2
4 1 2 3 4
2 1 2
4 1 2 3 4
1 1
26 24 38 30 32 
26 
24 
38 
30 
32 
1
2 10 10
4 10 10 10 10
2 10 10
4 10 10 10 10
1 10
2
2 10 10
4 10 10 10 10
2 10 10
4 10 10 10 10
1 10
3
2 10 10
4 10 10 10 10
2 10 10
4 10 10 10 10
1 10
4
2 10 10
4 10 10 10 10
2 10 10
4 10 10 10 10
1 10
5
2 10 10
4 10 10 10 10
2 10 10
4 10 10 10 10
1 10
6
2 10 10
4 10 10 10 10
2 10 10
4 10 10 10 10
1 10
7
2 10 10
4 10 10 10 10
2 10 10
4 10 10 10 10
1 10
8
2 10 10
4 10 10 10 10
2 10 10
4 10 10 10 10
1 10
9
2 10 10
4 10 10 10 10
2 10 10
4 10 10 10 10
1 10
10
2 10 10
4 10 10 10 10
2 10 10
4 10 10 10 10
1 10
5 
10 10 10 10 10 
630 510 930 510 810 
700 660 1000 660 840 
420 
1080 
