p-C101-P1C8-I4-V3.txt
1
8
10
0.5
90
10 1 2 3 4 5 6 7 8 9 10
4 1 2 3 4
2 1 2
3 1 2 3
5 1 2 3 4 5
2 1 2
5 1 2 3 4 5
5 1 2 3 4 5
3 1 2 3
36 78 33 36 70 30 37 40 
36 
78 
33 
36 
70 
30 
37 
40 
1
4 10 10 10 10
2 10 10
3 10 10 10
5 10 10 10 10 10
2 10 10
5 10 10 10 10 10
5 10 10 10 10 10
3 10 10 10
2
4 10 10 10 10
2 10 10
3 10 10 10
5 10 10 10 10 10
2 10 10
5 10 10 10 10 10
5 10 10 10 10 10
3 10 10 10
3
4 10 10 10 10
2 10 10
3 10 10 10
5 10 10 10 10 10
2 10 10
5 10 10 10 10 10
5 10 10 10 10 10
3 10 10 10
4
4 10 10 10 10
2 10 10
3 10 10 10
5 10 10 10 10 10
2 10 10
5 10 10 10 10 10
5 10 10 10 10 10
3 10 10 10
5
4 10 10 10 10
2 10 10
3 10 10 10
5 10 10 10 10 10
2 10 10
5 10 10 10 10 10
5 10 10 10 10 10
3 10 10 10
6
4 10 10 10 10
2 10 10
3 10 10 10
5 10 10 10 10 10
2 10 10
5 10 10 10 10 10
5 10 10 10 10 10
3 10 10 10
7
4 10 10 10 10
2 10 10
3 10 10 10
5 10 10 10 10 10
2 10 10
5 10 10 10 10 10
5 10 10 10 10 10
3 10 10 10
8
4 10 10 10 10
2 10 10
3 10 10 10
5 10 10 10 10 10
2 10 10
5 10 10 10 10 10
5 10 10 10 10 10
3 10 10 10
9
4 10 10 10 10
2 10 10
3 10 10 10
5 10 10 10 10 10
2 10 10
5 10 10 10 10 10
5 10 10 10 10 10
3 10 10 10
10
4 10 10 10 10
2 10 10
3 10 10 10
5 10 10 10 10 10
2 10 10
5 10 10 10 10 10
5 10 10 10 10 10
3 10 10 10
5 
10 10 10 10 10 10 10 10 
660 870 540 540 510 540 570 540 
810 940 650 730 580 730 760 650 
420 
1080 
