p-C101-P3C15-I3-V3.txt
3
15
30
0.5
90
10 1 2 3 4 5 6 7 8 9 10
10 11 12 13 14 15 16 17 18 19 20
10 21 22 23 24 25 26 27 28 29 30
1 1
4 1 2 3 4
2 1 2
2 1 2
3 1 2 3
5 1 2 3 4 5
3 1 2 3
1 1
5 1 2 3 4 5
3 1 2 3
1 1
1 1
2 1 2
5 1 2 3 4 5
1 1
20 24 39 70 30 36 66 20 78 36 78 76 37 38 61 
39 41 6 47 44 4 41 43 43 8 50 39 14 4 33 
10 7 42 53 4 44 51 10 70 49 63 70 53 48 50 
20 39 10 
24 41 7 
39 6 42 
70 47 53 
30 44 4 
36 4 44 
66 41 51 
20 43 10 
78 43 70 
36 8 49 
78 50 63 
76 39 70 
37 14 53 
38 4 48 
61 33 50 
1
1 10
4 10 10 10 10
2 10 10
2 10 10
3 10 10 10
5 10 10 10 10 10
3 10 10 10
1 10
5 10 10 10 10 10
3 10 10 10
1 10
1 10
2 10 10
5 10 10 10 10 10
1 10
2
1 10
4 10 10 10 10
2 10 10
2 10 10
3 10 10 10
5 10 10 10 10 10
3 10 10 10
1 10
5 10 10 10 10 10
3 10 10 10
1 10
1 10
2 10 10
5 10 10 10 10 10
1 10
3
1 10
4 10 10 10 10
2 10 10
2 10 10
3 10 10 10
5 10 10 10 10 10
3 10 10 10
1 10
5 10 10 10 10 10
3 10 10 10
1 10
1 10
2 10 10
5 10 10 10 10 10
1 10
4
1 10
4 10 10 10 10
2 10 10
2 10 10
3 10 10 10
5 10 10 10 10 10
3 10 10 10
1 10
5 10 10 10 10 10
3 10 10 10
1 10
1 10
2 10 10
5 10 10 10 10 10
1 10
5
1 10
4 10 10 10 10
2 10 10
2 10 10
3 10 10 10
5 10 10 10 10 10
3 10 10 10
1 10
5 10 10 10 10 10
3 10 10 10
1 10
1 10
2 10 10
5 10 10 10 10 10
1 10
6
1 10
4 10 10 10 10
2 10 10
2 10 10
3 10 10 10
5 10 10 10 10 10
3 10 10 10
1 10
5 10 10 10 10 10
3 10 10 10
1 10
1 10
2 10 10
5 10 10 10 10 10
1 10
7
1 10
4 10 10 10 10
2 10 10
2 10 10
3 10 10 10
5 10 10 10 10 10
3 10 10 10
1 10
5 10 10 10 10 10
3 10 10 10
1 10
1 10
2 10 10
5 10 10 10 10 10
1 10
8
1 10
4 10 10 10 10
2 10 10
2 10 10
3 10 10 10
5 10 10 10 10 10
3 10 10 10
1 10
5 10 10 10 10 10
3 10 10 10
1 10
1 10
2 10 10
5 10 10 10 10 10
1 10
9
1 10
4 10 10 10 10
2 10 10
2 10 10
3 10 10 10
5 10 10 10 10 10
3 10 10 10
1 10
5 10 10 10 10 10
3 10 10 10
1 10
1 10
2 10 10
5 10 10 10 10 10
1 10
10
1 10
4 10 10 10 10
2 10 10
2 10 10
3 10 10 10
5 10 10 10 10 10
3 10 10 10
1 10
5 10 10 10 10 10
3 10 10 10
1 10
1 10
2 10 10
5 10 10 10 10 10
1 10
11
1 10
4 10 10 10 10
2 10 10
2 10 10
3 10 10 10
5 10 10 10 10 10
3 10 10 10
1 10
5 10 10 10 10 10
3 10 10 10
1 10
1 10
2 10 10
5 10 10 10 10 10
1 10
12
1 10
4 10 10 10 10
2 10 10
2 10 10
3 10 10 10
5 10 10 10 10 10
3 10 10 10
1 10
5 10 10 10 10 10
3 10 10 10
1 10
1 10
2 10 10
5 10 10 10 10 10
1 10
13
1 10
4 10 10 10 10
2 10 10
2 10 10
3 10 10 10
5 10 10 10 10 10
3 10 10 10
1 10
5 10 10 10 10 10
3 10 10 10
1 10
1 10
2 10 10
5 10 10 10 10 10
1 10
14
1 10
4 10 10 10 10
2 10 10
2 10 10
3 10 10 10
5 10 10 10 10 10
3 10 10 10
1 10
5 10 10 10 10 10
3 10 10 10
1 10
1 10
2 10 10
5 10 10 10 10 10
1 10
15
1 10
4 10 10 10 10
2 10 10
2 10 10
3 10 10 10
5 10 10 10 10 10
3 10 10 10
1 10
5 10 10 10 10 10
3 10 10 10
1 10
1 10
2 10 10
5 10 10 10 10 10
1 10
16
1 10
4 10 10 10 10
2 10 10
2 10 10
3 10 10 10
5 10 10 10 10 10
3 10 10 10
1 10
5 10 10 10 10 10
3 10 10 10
1 10
1 10
2 10 10
5 10 10 10 10 10
1 10
17
1 10
4 10 10 10 10
2 10 10
2 10 10
3 10 10 10
5 10 10 10 10 10
3 10 10 10
1 10
5 10 10 10 10 10
3 10 10 10
1 10
1 10
2 10 10
5 10 10 10 10 10
1 10
18
1 10
4 10 10 10 10
2 10 10
2 10 10
3 10 10 10
5 10 10 10 10 10
3 10 10 10
1 10
5 10 10 10 10 10
3 10 10 10
1 10
1 10
2 10 10
5 10 10 10 10 10
1 10
19
1 10
4 10 10 10 10
2 10 10
2 10 10
3 10 10 10
5 10 10 10 10 10
3 10 10 10
1 10
5 10 10 10 10 10
3 10 10 10
1 10
1 10
2 10 10
5 10 10 10 10 10
1 10
20
1 10
4 10 10 10 10
2 10 10
2 10 10
3 10 10 10
5 10 10 10 10 10
3 10 10 10
1 10
5 10 10 10 10 10
3 10 10 10
1 10
1 10
2 10 10
5 10 10 10 10 10
1 10
21
1 10
4 10 10 10 10
2 10 10
2 10 10
3 10 10 10
5 10 10 10 10 10
3 10 10 10
1 10
5 10 10 10 10 10
3 10 10 10
1 10
1 10
2 10 10
5 10 10 10 10 10
1 10
22
1 10
4 10 10 10 10
2 10 10
2 10 10
3 10 10 10
5 10 10 10 10 10
3 10 10 10
1 10
5 10 10 10 10 10
3 10 10 10
1 10
1 10
2 10 10
5 10 10 10 10 10
1 10
23
1 10
4 10 10 10 10
2 10 10
2 10 10
3 10 10 10
5 10 10 10 10 10
3 10 10 10
1 10
5 10 10 10 10 10
3 10 10 10
1 10
1 10
2 10 10
5 10 10 10 10 10
1 10
24
1 10
4 10 10 10 10
2 10 10
2 10 10
3 10 10 10
5 10 10 10 10 10
3 10 10 10
1 10
5 10 10 10 10 10
3 10 10 10
1 10
1 10
2 10 10
5 10 10 10 10 10
1 10
25
1 10
4 10 10 10 10
2 10 10
2 10 10
3 10 10 10
5 10 10 10 10 10
3 10 10 10
1 10
5 10 10 10 10 10
3 10 10 10
1 10
1 10
2 10 10
5 10 10 10 10 10
1 10
26
1 10
4 10 10 10 10
2 10 10
2 10 10
3 10 10 10
5 10 10 10 10 10
3 10 10 10
1 10
5 10 10 10 10 10
3 10 10 10
1 10
1 10
2 10 10
5 10 10 10 10 10
1 10
27
1 10
4 10 10 10 10
2 10 10
2 10 10
3 10 10 10
5 10 10 10 10 10
3 10 10 10
1 10
5 10 10 10 10 10
3 10 10 10
1 10
1 10
2 10 10
5 10 10 10 10 10
1 10
28
1 10
4 10 10 10 10
2 10 10
2 10 10
3 10 10 10
5 10 10 10 10 10
3 10 10 10
1 10
5 10 10 10 10 10
3 10 10 10
1 10
1 10
2 10 10
5 10 10 10 10 10
1 10
29
1 10
4 10 10 10 10
2 10 10
2 10 10
3 10 10 10
5 10 10 10 10 10
3 10 10 10
1 10
5 10 10 10 10 10
3 10 10 10
1 10
1 10
2 10 10
5 10 10 10 10 10
1 10
30
1 10
4 10 10 10 10
2 10 10
2 10 10
3 10 10 10
5 10 10 10 10 10
3 10 10 10
1 10
5 10 10 10 10 10
3 10 10 10
1 10
1 10
2 10 10
5 10 10 10 10 10
1 10
5 5 5 
10 10 10 10 10 10 10 10 10 10 10 10 10 10 10 
900 540 510 630 510 840 600 960 570 480 630 690 900 480 960 
920 650 560 680 590 980 680 980 710 560 650 710 950 620 980 
420 420 420 
1080 1080 1080 
