p-C101-P1C5-I2-V3.txt
1
5
10
0.5
90
10 1 2 3 4 5 6 7 8 9 10
2 1 2
1 1
1 1
1 1
2 1 2
80 78 38 32 70 
80 
78 
38 
32 
70 
1
2 10 10
1 10
1 10
1 10
2 10 10
2
2 10 10
1 10
1 10
1 10
2 10 10
3
2 10 10
1 10
1 10
1 10
2 10 10
4
2 10 10
1 10
1 10
1 10
2 10 10
5
2 10 10
1 10
1 10
1 10
2 10 10
6
2 10 10
1 10
1 10
1 10
2 10 10
7
2 10 10
1 10
1 10
1 10
2 10 10
8
2 10 10
1 10
1 10
1 10
2 10 10
9
2 10 10
1 10
1 10
1 10
2 10 10
10
2 10 10
1 10
1 10
1 10
2 10 10
5 
10 10 10 10 10 
900 690 900 510 930 
930 700 910 520 960 
420 
1080 
