p-C101-P3C15-I3-V1.txt
3
15
30
0.5
90
10 1 2 3 4 5 6 7 8 9 10
10 11 12 13 14 15 16 17 18 19 20
10 21 22 23 24 25 26 27 28 29 30
4 1 2 3 4
5 1 2 3 4 5
5 1 2 3 4 5
3 1 2 3
1 1
2 1 2
1 1
2 1 2
2 1 2
5 1 2 3 4 5
2 1 2
4 1 2 3 4
1 1
5 1 2 3 4 5
4 1 2 3 4
30 30 76 32 24 61 38 70 80 37 20 78 26 41 78 
39 42 37 15 36 28 10 41 43 20 39 45 31 20 41 
48 51 24 51 50 8 45 6 20 55 55 11 44 54 21 
30 39 48 
30 42 51 
76 37 24 
32 15 51 
24 36 50 
61 28 8 
38 10 45 
70 41 6 
80 43 20 
37 20 55 
20 39 55 
78 45 11 
26 31 44 
41 20 54 
78 41 21 
1
4 10 10 10 10
5 10 10 10 10 10
5 10 10 10 10 10
3 10 10 10
1 10
2 10 10
1 10
2 10 10
2 10 10
5 10 10 10 10 10
2 10 10
4 10 10 10 10
1 10
5 10 10 10 10 10
4 10 10 10 10
2
4 10 10 10 10
5 10 10 10 10 10
5 10 10 10 10 10
3 10 10 10
1 10
2 10 10
1 10
2 10 10
2 10 10
5 10 10 10 10 10
2 10 10
4 10 10 10 10
1 10
5 10 10 10 10 10
4 10 10 10 10
3
4 10 10 10 10
5 10 10 10 10 10
5 10 10 10 10 10
3 10 10 10
1 10
2 10 10
1 10
2 10 10
2 10 10
5 10 10 10 10 10
2 10 10
4 10 10 10 10
1 10
5 10 10 10 10 10
4 10 10 10 10
4
4 10 10 10 10
5 10 10 10 10 10
5 10 10 10 10 10
3 10 10 10
1 10
2 10 10
1 10
2 10 10
2 10 10
5 10 10 10 10 10
2 10 10
4 10 10 10 10
1 10
5 10 10 10 10 10
4 10 10 10 10
5
4 10 10 10 10
5 10 10 10 10 10
5 10 10 10 10 10
3 10 10 10
1 10
2 10 10
1 10
2 10 10
2 10 10
5 10 10 10 10 10
2 10 10
4 10 10 10 10
1 10
5 10 10 10 10 10
4 10 10 10 10
6
4 10 10 10 10
5 10 10 10 10 10
5 10 10 10 10 10
3 10 10 10
1 10
2 10 10
1 10
2 10 10
2 10 10
5 10 10 10 10 10
2 10 10
4 10 10 10 10
1 10
5 10 10 10 10 10
4 10 10 10 10
7
4 10 10 10 10
5 10 10 10 10 10
5 10 10 10 10 10
3 10 10 10
1 10
2 10 10
1 10
2 10 10
2 10 10
5 10 10 10 10 10
2 10 10
4 10 10 10 10
1 10
5 10 10 10 10 10
4 10 10 10 10
8
4 10 10 10 10
5 10 10 10 10 10
5 10 10 10 10 10
3 10 10 10
1 10
2 10 10
1 10
2 10 10
2 10 10
5 10 10 10 10 10
2 10 10
4 10 10 10 10
1 10
5 10 10 10 10 10
4 10 10 10 10
9
4 10 10 10 10
5 10 10 10 10 10
5 10 10 10 10 10
3 10 10 10
1 10
2 10 10
1 10
2 10 10
2 10 10
5 10 10 10 10 10
2 10 10
4 10 10 10 10
1 10
5 10 10 10 10 10
4 10 10 10 10
10
4 10 10 10 10
5 10 10 10 10 10
5 10 10 10 10 10
3 10 10 10
1 10
2 10 10
1 10
2 10 10
2 10 10
5 10 10 10 10 10
2 10 10
4 10 10 10 10
1 10
5 10 10 10 10 10
4 10 10 10 10
11
4 10 10 10 10
5 10 10 10 10 10
5 10 10 10 10 10
3 10 10 10
1 10
2 10 10
1 10
2 10 10
2 10 10
5 10 10 10 10 10
2 10 10
4 10 10 10 10
1 10
5 10 10 10 10 10
4 10 10 10 10
12
4 10 10 10 10
5 10 10 10 10 10
5 10 10 10 10 10
3 10 10 10
1 10
2 10 10
1 10
2 10 10
2 10 10
5 10 10 10 10 10
2 10 10
4 10 10 10 10
1 10
5 10 10 10 10 10
4 10 10 10 10
13
4 10 10 10 10
5 10 10 10 10 10
5 10 10 10 10 10
3 10 10 10
1 10
2 10 10
1 10
2 10 10
2 10 10
5 10 10 10 10 10
2 10 10
4 10 10 10 10
1 10
5 10 10 10 10 10
4 10 10 10 10
14
4 10 10 10 10
5 10 10 10 10 10
5 10 10 10 10 10
3 10 10 10
1 10
2 10 10
1 10
2 10 10
2 10 10
5 10 10 10 10 10
2 10 10
4 10 10 10 10
1 10
5 10 10 10 10 10
4 10 10 10 10
15
4 10 10 10 10
5 10 10 10 10 10
5 10 10 10 10 10
3 10 10 10
1 10
2 10 10
1 10
2 10 10
2 10 10
5 10 10 10 10 10
2 10 10
4 10 10 10 10
1 10
5 10 10 10 10 10
4 10 10 10 10
16
4 10 10 10 10
5 10 10 10 10 10
5 10 10 10 10 10
3 10 10 10
1 10
2 10 10
1 10
2 10 10
2 10 10
5 10 10 10 10 10
2 10 10
4 10 10 10 10
1 10
5 10 10 10 10 10
4 10 10 10 10
17
4 10 10 10 10
5 10 10 10 10 10
5 10 10 10 10 10
3 10 10 10
1 10
2 10 10
1 10
2 10 10
2 10 10
5 10 10 10 10 10
2 10 10
4 10 10 10 10
1 10
5 10 10 10 10 10
4 10 10 10 10
18
4 10 10 10 10
5 10 10 10 10 10
5 10 10 10 10 10
3 10 10 10
1 10
2 10 10
1 10
2 10 10
2 10 10
5 10 10 10 10 10
2 10 10
4 10 10 10 10
1 10
5 10 10 10 10 10
4 10 10 10 10
19
4 10 10 10 10
5 10 10 10 10 10
5 10 10 10 10 10
3 10 10 10
1 10
2 10 10
1 10
2 10 10
2 10 10
5 10 10 10 10 10
2 10 10
4 10 10 10 10
1 10
5 10 10 10 10 10
4 10 10 10 10
20
4 10 10 10 10
5 10 10 10 10 10
5 10 10 10 10 10
3 10 10 10
1 10
2 10 10
1 10
2 10 10
2 10 10
5 10 10 10 10 10
2 10 10
4 10 10 10 10
1 10
5 10 10 10 10 10
4 10 10 10 10
21
4 10 10 10 10
5 10 10 10 10 10
5 10 10 10 10 10
3 10 10 10
1 10
2 10 10
1 10
2 10 10
2 10 10
5 10 10 10 10 10
2 10 10
4 10 10 10 10
1 10
5 10 10 10 10 10
4 10 10 10 10
22
4 10 10 10 10
5 10 10 10 10 10
5 10 10 10 10 10
3 10 10 10
1 10
2 10 10
1 10
2 10 10
2 10 10
5 10 10 10 10 10
2 10 10
4 10 10 10 10
1 10
5 10 10 10 10 10
4 10 10 10 10
23
4 10 10 10 10
5 10 10 10 10 10
5 10 10 10 10 10
3 10 10 10
1 10
2 10 10
1 10
2 10 10
2 10 10
5 10 10 10 10 10
2 10 10
4 10 10 10 10
1 10
5 10 10 10 10 10
4 10 10 10 10
24
4 10 10 10 10
5 10 10 10 10 10
5 10 10 10 10 10
3 10 10 10
1 10
2 10 10
1 10
2 10 10
2 10 10
5 10 10 10 10 10
2 10 10
4 10 10 10 10
1 10
5 10 10 10 10 10
4 10 10 10 10
25
4 10 10 10 10
5 10 10 10 10 10
5 10 10 10 10 10
3 10 10 10
1 10
2 10 10
1 10
2 10 10
2 10 10
5 10 10 10 10 10
2 10 10
4 10 10 10 10
1 10
5 10 10 10 10 10
4 10 10 10 10
26
4 10 10 10 10
5 10 10 10 10 10
5 10 10 10 10 10
3 10 10 10
1 10
2 10 10
1 10
2 10 10
2 10 10
5 10 10 10 10 10
2 10 10
4 10 10 10 10
1 10
5 10 10 10 10 10
4 10 10 10 10
27
4 10 10 10 10
5 10 10 10 10 10
5 10 10 10 10 10
3 10 10 10
1 10
2 10 10
1 10
2 10 10
2 10 10
5 10 10 10 10 10
2 10 10
4 10 10 10 10
1 10
5 10 10 10 10 10
4 10 10 10 10
28
4 10 10 10 10
5 10 10 10 10 10
5 10 10 10 10 10
3 10 10 10
1 10
2 10 10
1 10
2 10 10
2 10 10
5 10 10 10 10 10
2 10 10
4 10 10 10 10
1 10
5 10 10 10 10 10
4 10 10 10 10
29
4 10 10 10 10
5 10 10 10 10 10
5 10 10 10 10 10
3 10 10 10
1 10
2 10 10
1 10
2 10 10
2 10 10
5 10 10 10 10 10
2 10 10
4 10 10 10 10
1 10
5 10 10 10 10 10
4 10 10 10 10
30
4 10 10 10 10
5 10 10 10 10 10
5 10 10 10 10 10
3 10 10 10
1 10
2 10 10
1 10
2 10 10
2 10 10
5 10 10 10 10 10
2 10 10
4 10 10 10 10
1 10
5 10 10 10 10 10
4 10 10 10 10
5 5 5 
10 10 10 10 10 10 10 10 10 10 10 10 10 10 10 
900 570 630 900 540 480 480 810 600 570 570 540 810 810 600 
1010 710 770 980 560 530 500 860 650 710 620 650 830 950 710 
420 420 420 
1080 1080 1080 
