p-C101-P1C8-I4-V1.txt
1
8
10
0.5
90
10 1 2 3 4 5 6 7 8 9 10
2 1 2
1 1
5 1 2 3 4 5
2 1 2
3 1 2 3
5 1 2 3 4 5
1 1
5 1 2 3 4 5
30 30 38 20 80 61 33 36 
30 
30 
38 
20 
80 
61 
33 
36 
1
2 10 10
1 10
5 10 10 10 10 10
2 10 10
3 10 10 10
5 10 10 10 10 10
1 10
5 10 10 10 10 10
2
2 10 10
1 10
5 10 10 10 10 10
2 10 10
3 10 10 10
5 10 10 10 10 10
1 10
5 10 10 10 10 10
3
2 10 10
1 10
5 10 10 10 10 10
2 10 10
3 10 10 10
5 10 10 10 10 10
1 10
5 10 10 10 10 10
4
2 10 10
1 10
5 10 10 10 10 10
2 10 10
3 10 10 10
5 10 10 10 10 10
1 10
5 10 10 10 10 10
5
2 10 10
1 10
5 10 10 10 10 10
2 10 10
3 10 10 10
5 10 10 10 10 10
1 10
5 10 10 10 10 10
6
2 10 10
1 10
5 10 10 10 10 10
2 10 10
3 10 10 10
5 10 10 10 10 10
1 10
5 10 10 10 10 10
7
2 10 10
1 10
5 10 10 10 10 10
2 10 10
3 10 10 10
5 10 10 10 10 10
1 10
5 10 10 10 10 10
8
2 10 10
1 10
5 10 10 10 10 10
2 10 10
3 10 10 10
5 10 10 10 10 10
1 10
5 10 10 10 10 10
9
2 10 10
1 10
5 10 10 10 10 10
2 10 10
3 10 10 10
5 10 10 10 10 10
1 10
5 10 10 10 10 10
10
2 10 10
1 10
5 10 10 10 10 10
2 10 10
3 10 10 10
5 10 10 10 10 10
1 10
5 10 10 10 10 10
5 
10 10 10 10 10 10 10 10 
510 630 810 570 480 480 600 510 
580 660 1000 640 590 670 630 700 
420 
1080 
