p-C101-P3C15-I3-V2.txt
3
15
30
0.5
90
10 1 2 3 4 5 6 7 8 9 10
10 11 12 13 14 15 16 17 18 19 20
10 21 22 23 24 25 26 27 28 29 30
3 1 2 3
5 1 2 3 4 5
2 1 2
5 1 2 3 4 5
1 1
5 1 2 3 4 5
3 1 2 3
3 1 2 3
1 1
4 1 2 3 4
2 1 2
5 1 2 3 4 5
4 1 2 3 4
3 1 2 3
2 1 2
78 70 33 20 30 66 72 78 20 41 80 36 26 30 37 
54 51 11 39 8 45 45 48 42 10 51 4 36 48 10 
59 50 34 10 42 48 56 66 10 53 66 46 8 4 51 
78 54 59 
70 51 50 
33 11 34 
20 39 10 
30 8 42 
66 45 48 
72 45 56 
78 48 66 
20 42 10 
41 10 53 
80 51 66 
36 4 46 
26 36 8 
30 48 4 
37 10 51 
1
3 10 10 10
5 10 10 10 10 10
2 10 10
5 10 10 10 10 10
1 10
5 10 10 10 10 10
3 10 10 10
3 10 10 10
1 10
4 10 10 10 10
2 10 10
5 10 10 10 10 10
4 10 10 10 10
3 10 10 10
2 10 10
2
3 10 10 10
5 10 10 10 10 10
2 10 10
5 10 10 10 10 10
1 10
5 10 10 10 10 10
3 10 10 10
3 10 10 10
1 10
4 10 10 10 10
2 10 10
5 10 10 10 10 10
4 10 10 10 10
3 10 10 10
2 10 10
3
3 10 10 10
5 10 10 10 10 10
2 10 10
5 10 10 10 10 10
1 10
5 10 10 10 10 10
3 10 10 10
3 10 10 10
1 10
4 10 10 10 10
2 10 10
5 10 10 10 10 10
4 10 10 10 10
3 10 10 10
2 10 10
4
3 10 10 10
5 10 10 10 10 10
2 10 10
5 10 10 10 10 10
1 10
5 10 10 10 10 10
3 10 10 10
3 10 10 10
1 10
4 10 10 10 10
2 10 10
5 10 10 10 10 10
4 10 10 10 10
3 10 10 10
2 10 10
5
3 10 10 10
5 10 10 10 10 10
2 10 10
5 10 10 10 10 10
1 10
5 10 10 10 10 10
3 10 10 10
3 10 10 10
1 10
4 10 10 10 10
2 10 10
5 10 10 10 10 10
4 10 10 10 10
3 10 10 10
2 10 10
6
3 10 10 10
5 10 10 10 10 10
2 10 10
5 10 10 10 10 10
1 10
5 10 10 10 10 10
3 10 10 10
3 10 10 10
1 10
4 10 10 10 10
2 10 10
5 10 10 10 10 10
4 10 10 10 10
3 10 10 10
2 10 10
7
3 10 10 10
5 10 10 10 10 10
2 10 10
5 10 10 10 10 10
1 10
5 10 10 10 10 10
3 10 10 10
3 10 10 10
1 10
4 10 10 10 10
2 10 10
5 10 10 10 10 10
4 10 10 10 10
3 10 10 10
2 10 10
8
3 10 10 10
5 10 10 10 10 10
2 10 10
5 10 10 10 10 10
1 10
5 10 10 10 10 10
3 10 10 10
3 10 10 10
1 10
4 10 10 10 10
2 10 10
5 10 10 10 10 10
4 10 10 10 10
3 10 10 10
2 10 10
9
3 10 10 10
5 10 10 10 10 10
2 10 10
5 10 10 10 10 10
1 10
5 10 10 10 10 10
3 10 10 10
3 10 10 10
1 10
4 10 10 10 10
2 10 10
5 10 10 10 10 10
4 10 10 10 10
3 10 10 10
2 10 10
10
3 10 10 10
5 10 10 10 10 10
2 10 10
5 10 10 10 10 10
1 10
5 10 10 10 10 10
3 10 10 10
3 10 10 10
1 10
4 10 10 10 10
2 10 10
5 10 10 10 10 10
4 10 10 10 10
3 10 10 10
2 10 10
11
3 10 10 10
5 10 10 10 10 10
2 10 10
5 10 10 10 10 10
1 10
5 10 10 10 10 10
3 10 10 10
3 10 10 10
1 10
4 10 10 10 10
2 10 10
5 10 10 10 10 10
4 10 10 10 10
3 10 10 10
2 10 10
12
3 10 10 10
5 10 10 10 10 10
2 10 10
5 10 10 10 10 10
1 10
5 10 10 10 10 10
3 10 10 10
3 10 10 10
1 10
4 10 10 10 10
2 10 10
5 10 10 10 10 10
4 10 10 10 10
3 10 10 10
2 10 10
13
3 10 10 10
5 10 10 10 10 10
2 10 10
5 10 10 10 10 10
1 10
5 10 10 10 10 10
3 10 10 10
3 10 10 10
1 10
4 10 10 10 10
2 10 10
5 10 10 10 10 10
4 10 10 10 10
3 10 10 10
2 10 10
14
3 10 10 10
5 10 10 10 10 10
2 10 10
5 10 10 10 10 10
1 10
5 10 10 10 10 10
3 10 10 10
3 10 10 10
1 10
4 10 10 10 10
2 10 10
5 10 10 10 10 10
4 10 10 10 10
3 10 10 10
2 10 10
15
3 10 10 10
5 10 10 10 10 10
2 10 10
5 10 10 10 10 10
1 10
5 10 10 10 10 10
3 10 10 10
3 10 10 10
1 10
4 10 10 10 10
2 10 10
5 10 10 10 10 10
4 10 10 10 10
3 10 10 10
2 10 10
16
3 10 10 10
5 10 10 10 10 10
2 10 10
5 10 10 10 10 10
1 10
5 10 10 10 10 10
3 10 10 10
3 10 10 10
1 10
4 10 10 10 10
2 10 10
5 10 10 10 10 10
4 10 10 10 10
3 10 10 10
2 10 10
17
3 10 10 10
5 10 10 10 10 10
2 10 10
5 10 10 10 10 10
1 10
5 10 10 10 10 10
3 10 10 10
3 10 10 10
1 10
4 10 10 10 10
2 10 10
5 10 10 10 10 10
4 10 10 10 10
3 10 10 10
2 10 10
18
3 10 10 10
5 10 10 10 10 10
2 10 10
5 10 10 10 10 10
1 10
5 10 10 10 10 10
3 10 10 10
3 10 10 10
1 10
4 10 10 10 10
2 10 10
5 10 10 10 10 10
4 10 10 10 10
3 10 10 10
2 10 10
19
3 10 10 10
5 10 10 10 10 10
2 10 10
5 10 10 10 10 10
1 10
5 10 10 10 10 10
3 10 10 10
3 10 10 10
1 10
4 10 10 10 10
2 10 10
5 10 10 10 10 10
4 10 10 10 10
3 10 10 10
2 10 10
20
3 10 10 10
5 10 10 10 10 10
2 10 10
5 10 10 10 10 10
1 10
5 10 10 10 10 10
3 10 10 10
3 10 10 10
1 10
4 10 10 10 10
2 10 10
5 10 10 10 10 10
4 10 10 10 10
3 10 10 10
2 10 10
21
3 10 10 10
5 10 10 10 10 10
2 10 10
5 10 10 10 10 10
1 10
5 10 10 10 10 10
3 10 10 10
3 10 10 10
1 10
4 10 10 10 10
2 10 10
5 10 10 10 10 10
4 10 10 10 10
3 10 10 10
2 10 10
22
3 10 10 10
5 10 10 10 10 10
2 10 10
5 10 10 10 10 10
1 10
5 10 10 10 10 10
3 10 10 10
3 10 10 10
1 10
4 10 10 10 10
2 10 10
5 10 10 10 10 10
4 10 10 10 10
3 10 10 10
2 10 10
23
3 10 10 10
5 10 10 10 10 10
2 10 10
5 10 10 10 10 10
1 10
5 10 10 10 10 10
3 10 10 10
3 10 10 10
1 10
4 10 10 10 10
2 10 10
5 10 10 10 10 10
4 10 10 10 10
3 10 10 10
2 10 10
24
3 10 10 10
5 10 10 10 10 10
2 10 10
5 10 10 10 10 10
1 10
5 10 10 10 10 10
3 10 10 10
3 10 10 10
1 10
4 10 10 10 10
2 10 10
5 10 10 10 10 10
4 10 10 10 10
3 10 10 10
2 10 10
25
3 10 10 10
5 10 10 10 10 10
2 10 10
5 10 10 10 10 10
1 10
5 10 10 10 10 10
3 10 10 10
3 10 10 10
1 10
4 10 10 10 10
2 10 10
5 10 10 10 10 10
4 10 10 10 10
3 10 10 10
2 10 10
26
3 10 10 10
5 10 10 10 10 10
2 10 10
5 10 10 10 10 10
1 10
5 10 10 10 10 10
3 10 10 10
3 10 10 10
1 10
4 10 10 10 10
2 10 10
5 10 10 10 10 10
4 10 10 10 10
3 10 10 10
2 10 10
27
3 10 10 10
5 10 10 10 10 10
2 10 10
5 10 10 10 10 10
1 10
5 10 10 10 10 10
3 10 10 10
3 10 10 10
1 10
4 10 10 10 10
2 10 10
5 10 10 10 10 10
4 10 10 10 10
3 10 10 10
2 10 10
28
3 10 10 10
5 10 10 10 10 10
2 10 10
5 10 10 10 10 10
1 10
5 10 10 10 10 10
3 10 10 10
3 10 10 10
1 10
4 10 10 10 10
2 10 10
5 10 10 10 10 10
4 10 10 10 10
3 10 10 10
2 10 10
29
3 10 10 10
5 10 10 10 10 10
2 10 10
5 10 10 10 10 10
1 10
5 10 10 10 10 10
3 10 10 10
3 10 10 10
1 10
4 10 10 10 10
2 10 10
5 10 10 10 10 10
4 10 10 10 10
3 10 10 10
2 10 10
30
3 10 10 10
5 10 10 10 10 10
2 10 10
5 10 10 10 10 10
1 10
5 10 10 10 10 10
3 10 10 10
3 10 10 10
1 10
4 10 10 10 10
2 10 10
5 10 10 10 10 10
4 10 10 10 10
3 10 10 10
2 10 10
5 5 5 
10 10 10 10 10 10 10 10 10 10 10 10 10 10 10 
870 630 810 810 570 480 480 540 630 480 810 630 810 810 960 
950 770 860 950 590 620 560 620 650 590 860 770 920 890 1010 
420 420 420 
1080 1080 1080 
