p-C101-P3C15-I4-V3.txt
3
15
30
0.5
90
10 1 2 3 4 5 6 7 8 9 10
10 11 12 13 14 15 16 17 18 19 20
10 21 22 23 24 25 26 27 28 29 30
5 1 2 3 4 5
3 1 2 3
2 1 2
2 1 2
1 1
2 1 2
3 1 2 3
3 1 2 3
4 1 2 3 4
5 1 2 3 4 5
4 1 2 3 4
3 1 2 3
4 1 2 3 4
2 1 2
5 1 2 3 4 5
80 36 41 38 32 61 76 66 33 30 20 24 26 70 40 
10 43 53 45 48 10 14 10 41 56 59 58 52 14 41 
43 6 20 10 11 28 37 36 6 39 35 36 31 41 6 
80 10 43 
36 43 6 
41 53 20 
38 45 10 
32 48 11 
61 10 28 
76 14 37 
66 10 36 
33 41 6 
30 56 39 
20 59 35 
24 58 36 
26 52 31 
70 14 41 
40 41 6 
1
5 10 10 10 10 10
3 10 10 10
2 10 10
2 10 10
1 10
2 10 10
3 10 10 10
3 10 10 10
4 10 10 10 10
5 10 10 10 10 10
4 10 10 10 10
3 10 10 10
4 10 10 10 10
2 10 10
5 10 10 10 10 10
2
5 10 10 10 10 10
3 10 10 10
2 10 10
2 10 10
1 10
2 10 10
3 10 10 10
3 10 10 10
4 10 10 10 10
5 10 10 10 10 10
4 10 10 10 10
3 10 10 10
4 10 10 10 10
2 10 10
5 10 10 10 10 10
3
5 10 10 10 10 10
3 10 10 10
2 10 10
2 10 10
1 10
2 10 10
3 10 10 10
3 10 10 10
4 10 10 10 10
5 10 10 10 10 10
4 10 10 10 10
3 10 10 10
4 10 10 10 10
2 10 10
5 10 10 10 10 10
4
5 10 10 10 10 10
3 10 10 10
2 10 10
2 10 10
1 10
2 10 10
3 10 10 10
3 10 10 10
4 10 10 10 10
5 10 10 10 10 10
4 10 10 10 10
3 10 10 10
4 10 10 10 10
2 10 10
5 10 10 10 10 10
5
5 10 10 10 10 10
3 10 10 10
2 10 10
2 10 10
1 10
2 10 10
3 10 10 10
3 10 10 10
4 10 10 10 10
5 10 10 10 10 10
4 10 10 10 10
3 10 10 10
4 10 10 10 10
2 10 10
5 10 10 10 10 10
6
5 10 10 10 10 10
3 10 10 10
2 10 10
2 10 10
1 10
2 10 10
3 10 10 10
3 10 10 10
4 10 10 10 10
5 10 10 10 10 10
4 10 10 10 10
3 10 10 10
4 10 10 10 10
2 10 10
5 10 10 10 10 10
7
5 10 10 10 10 10
3 10 10 10
2 10 10
2 10 10
1 10
2 10 10
3 10 10 10
3 10 10 10
4 10 10 10 10
5 10 10 10 10 10
4 10 10 10 10
3 10 10 10
4 10 10 10 10
2 10 10
5 10 10 10 10 10
8
5 10 10 10 10 10
3 10 10 10
2 10 10
2 10 10
1 10
2 10 10
3 10 10 10
3 10 10 10
4 10 10 10 10
5 10 10 10 10 10
4 10 10 10 10
3 10 10 10
4 10 10 10 10
2 10 10
5 10 10 10 10 10
9
5 10 10 10 10 10
3 10 10 10
2 10 10
2 10 10
1 10
2 10 10
3 10 10 10
3 10 10 10
4 10 10 10 10
5 10 10 10 10 10
4 10 10 10 10
3 10 10 10
4 10 10 10 10
2 10 10
5 10 10 10 10 10
10
5 10 10 10 10 10
3 10 10 10
2 10 10
2 10 10
1 10
2 10 10
3 10 10 10
3 10 10 10
4 10 10 10 10
5 10 10 10 10 10
4 10 10 10 10
3 10 10 10
4 10 10 10 10
2 10 10
5 10 10 10 10 10
11
5 10 10 10 10 10
3 10 10 10
2 10 10
2 10 10
1 10
2 10 10
3 10 10 10
3 10 10 10
4 10 10 10 10
5 10 10 10 10 10
4 10 10 10 10
3 10 10 10
4 10 10 10 10
2 10 10
5 10 10 10 10 10
12
5 10 10 10 10 10
3 10 10 10
2 10 10
2 10 10
1 10
2 10 10
3 10 10 10
3 10 10 10
4 10 10 10 10
5 10 10 10 10 10
4 10 10 10 10
3 10 10 10
4 10 10 10 10
2 10 10
5 10 10 10 10 10
13
5 10 10 10 10 10
3 10 10 10
2 10 10
2 10 10
1 10
2 10 10
3 10 10 10
3 10 10 10
4 10 10 10 10
5 10 10 10 10 10
4 10 10 10 10
3 10 10 10
4 10 10 10 10
2 10 10
5 10 10 10 10 10
14
5 10 10 10 10 10
3 10 10 10
2 10 10
2 10 10
1 10
2 10 10
3 10 10 10
3 10 10 10
4 10 10 10 10
5 10 10 10 10 10
4 10 10 10 10
3 10 10 10
4 10 10 10 10
2 10 10
5 10 10 10 10 10
15
5 10 10 10 10 10
3 10 10 10
2 10 10
2 10 10
1 10
2 10 10
3 10 10 10
3 10 10 10
4 10 10 10 10
5 10 10 10 10 10
4 10 10 10 10
3 10 10 10
4 10 10 10 10
2 10 10
5 10 10 10 10 10
16
5 10 10 10 10 10
3 10 10 10
2 10 10
2 10 10
1 10
2 10 10
3 10 10 10
3 10 10 10
4 10 10 10 10
5 10 10 10 10 10
4 10 10 10 10
3 10 10 10
4 10 10 10 10
2 10 10
5 10 10 10 10 10
17
5 10 10 10 10 10
3 10 10 10
2 10 10
2 10 10
1 10
2 10 10
3 10 10 10
3 10 10 10
4 10 10 10 10
5 10 10 10 10 10
4 10 10 10 10
3 10 10 10
4 10 10 10 10
2 10 10
5 10 10 10 10 10
18
5 10 10 10 10 10
3 10 10 10
2 10 10
2 10 10
1 10
2 10 10
3 10 10 10
3 10 10 10
4 10 10 10 10
5 10 10 10 10 10
4 10 10 10 10
3 10 10 10
4 10 10 10 10
2 10 10
5 10 10 10 10 10
19
5 10 10 10 10 10
3 10 10 10
2 10 10
2 10 10
1 10
2 10 10
3 10 10 10
3 10 10 10
4 10 10 10 10
5 10 10 10 10 10
4 10 10 10 10
3 10 10 10
4 10 10 10 10
2 10 10
5 10 10 10 10 10
20
5 10 10 10 10 10
3 10 10 10
2 10 10
2 10 10
1 10
2 10 10
3 10 10 10
3 10 10 10
4 10 10 10 10
5 10 10 10 10 10
4 10 10 10 10
3 10 10 10
4 10 10 10 10
2 10 10
5 10 10 10 10 10
21
5 10 10 10 10 10
3 10 10 10
2 10 10
2 10 10
1 10
2 10 10
3 10 10 10
3 10 10 10
4 10 10 10 10
5 10 10 10 10 10
4 10 10 10 10
3 10 10 10
4 10 10 10 10
2 10 10
5 10 10 10 10 10
22
5 10 10 10 10 10
3 10 10 10
2 10 10
2 10 10
1 10
2 10 10
3 10 10 10
3 10 10 10
4 10 10 10 10
5 10 10 10 10 10
4 10 10 10 10
3 10 10 10
4 10 10 10 10
2 10 10
5 10 10 10 10 10
23
5 10 10 10 10 10
3 10 10 10
2 10 10
2 10 10
1 10
2 10 10
3 10 10 10
3 10 10 10
4 10 10 10 10
5 10 10 10 10 10
4 10 10 10 10
3 10 10 10
4 10 10 10 10
2 10 10
5 10 10 10 10 10
24
5 10 10 10 10 10
3 10 10 10
2 10 10
2 10 10
1 10
2 10 10
3 10 10 10
3 10 10 10
4 10 10 10 10
5 10 10 10 10 10
4 10 10 10 10
3 10 10 10
4 10 10 10 10
2 10 10
5 10 10 10 10 10
25
5 10 10 10 10 10
3 10 10 10
2 10 10
2 10 10
1 10
2 10 10
3 10 10 10
3 10 10 10
4 10 10 10 10
5 10 10 10 10 10
4 10 10 10 10
3 10 10 10
4 10 10 10 10
2 10 10
5 10 10 10 10 10
26
5 10 10 10 10 10
3 10 10 10
2 10 10
2 10 10
1 10
2 10 10
3 10 10 10
3 10 10 10
4 10 10 10 10
5 10 10 10 10 10
4 10 10 10 10
3 10 10 10
4 10 10 10 10
2 10 10
5 10 10 10 10 10
27
5 10 10 10 10 10
3 10 10 10
2 10 10
2 10 10
1 10
2 10 10
3 10 10 10
3 10 10 10
4 10 10 10 10
5 10 10 10 10 10
4 10 10 10 10
3 10 10 10
4 10 10 10 10
2 10 10
5 10 10 10 10 10
28
5 10 10 10 10 10
3 10 10 10
2 10 10
2 10 10
1 10
2 10 10
3 10 10 10
3 10 10 10
4 10 10 10 10
5 10 10 10 10 10
4 10 10 10 10
3 10 10 10
4 10 10 10 10
2 10 10
5 10 10 10 10 10
29
5 10 10 10 10 10
3 10 10 10
2 10 10
2 10 10
1 10
2 10 10
3 10 10 10
3 10 10 10
4 10 10 10 10
5 10 10 10 10 10
4 10 10 10 10
3 10 10 10
4 10 10 10 10
2 10 10
5 10 10 10 10 10
30
5 10 10 10 10 10
3 10 10 10
2 10 10
2 10 10
1 10
2 10 10
3 10 10 10
3 10 10 10
4 10 10 10 10
5 10 10 10 10 10
4 10 10 10 10
3 10 10 10
4 10 10 10 10
2 10 10
5 10 10 10 10 10
5 5 5 
10 10 10 10 10 10 10 10 10 10 10 10 10 10 10 
660 810 480 930 900 630 840 870 540 510 480 570 480 510 480 
850 920 550 1000 930 700 950 980 690 700 630 680 630 580 670 
420 420 420 
1080 1080 1080 
