p-C101-P3C15-I4-V2.txt
3
15
30
0.5
90
10 1 2 3 4 5 6 7 8 9 10
10 11 12 13 14 15 16 17 18 19 20
10 21 22 23 24 25 26 27 28 29 30
1 1
1 1
4 1 2 3 4
1 1
3 1 2 3
2 1 2
1 1
1 1
1 1
4 1 2 3 4
2 1 2
2 1 2
5 1 2 3 4 5
5 1 2 3 4 5
3 1 2 3
32 66 80 30 24 36 20 76 38 78 72 39 30 37 30 
32 44 62 11 6 32 10 60 36 61 52 31 8 42 34 
10 38 48 37 31 7 33 42 11 46 41 6 34 20 14 
32 32 10 
66 44 38 
80 62 48 
30 11 37 
24 6 31 
36 32 7 
20 10 33 
76 60 42 
38 36 11 
78 61 46 
72 52 41 
39 31 6 
30 8 34 
37 42 20 
30 34 14 
1
1 10
1 10
4 10 10 10 10
1 10
3 10 10 10
2 10 10
1 10
1 10
1 10
4 10 10 10 10
2 10 10
2 10 10
5 10 10 10 10 10
5 10 10 10 10 10
3 10 10 10
2
1 10
1 10
4 10 10 10 10
1 10
3 10 10 10
2 10 10
1 10
1 10
1 10
4 10 10 10 10
2 10 10
2 10 10
5 10 10 10 10 10
5 10 10 10 10 10
3 10 10 10
3
1 10
1 10
4 10 10 10 10
1 10
3 10 10 10
2 10 10
1 10
1 10
1 10
4 10 10 10 10
2 10 10
2 10 10
5 10 10 10 10 10
5 10 10 10 10 10
3 10 10 10
4
1 10
1 10
4 10 10 10 10
1 10
3 10 10 10
2 10 10
1 10
1 10
1 10
4 10 10 10 10
2 10 10
2 10 10
5 10 10 10 10 10
5 10 10 10 10 10
3 10 10 10
5
1 10
1 10
4 10 10 10 10
1 10
3 10 10 10
2 10 10
1 10
1 10
1 10
4 10 10 10 10
2 10 10
2 10 10
5 10 10 10 10 10
5 10 10 10 10 10
3 10 10 10
6
1 10
1 10
4 10 10 10 10
1 10
3 10 10 10
2 10 10
1 10
1 10
1 10
4 10 10 10 10
2 10 10
2 10 10
5 10 10 10 10 10
5 10 10 10 10 10
3 10 10 10
7
1 10
1 10
4 10 10 10 10
1 10
3 10 10 10
2 10 10
1 10
1 10
1 10
4 10 10 10 10
2 10 10
2 10 10
5 10 10 10 10 10
5 10 10 10 10 10
3 10 10 10
8
1 10
1 10
4 10 10 10 10
1 10
3 10 10 10
2 10 10
1 10
1 10
1 10
4 10 10 10 10
2 10 10
2 10 10
5 10 10 10 10 10
5 10 10 10 10 10
3 10 10 10
9
1 10
1 10
4 10 10 10 10
1 10
3 10 10 10
2 10 10
1 10
1 10
1 10
4 10 10 10 10
2 10 10
2 10 10
5 10 10 10 10 10
5 10 10 10 10 10
3 10 10 10
10
1 10
1 10
4 10 10 10 10
1 10
3 10 10 10
2 10 10
1 10
1 10
1 10
4 10 10 10 10
2 10 10
2 10 10
5 10 10 10 10 10
5 10 10 10 10 10
3 10 10 10
11
1 10
1 10
4 10 10 10 10
1 10
3 10 10 10
2 10 10
1 10
1 10
1 10
4 10 10 10 10
2 10 10
2 10 10
5 10 10 10 10 10
5 10 10 10 10 10
3 10 10 10
12
1 10
1 10
4 10 10 10 10
1 10
3 10 10 10
2 10 10
1 10
1 10
1 10
4 10 10 10 10
2 10 10
2 10 10
5 10 10 10 10 10
5 10 10 10 10 10
3 10 10 10
13
1 10
1 10
4 10 10 10 10
1 10
3 10 10 10
2 10 10
1 10
1 10
1 10
4 10 10 10 10
2 10 10
2 10 10
5 10 10 10 10 10
5 10 10 10 10 10
3 10 10 10
14
1 10
1 10
4 10 10 10 10
1 10
3 10 10 10
2 10 10
1 10
1 10
1 10
4 10 10 10 10
2 10 10
2 10 10
5 10 10 10 10 10
5 10 10 10 10 10
3 10 10 10
15
1 10
1 10
4 10 10 10 10
1 10
3 10 10 10
2 10 10
1 10
1 10
1 10
4 10 10 10 10
2 10 10
2 10 10
5 10 10 10 10 10
5 10 10 10 10 10
3 10 10 10
16
1 10
1 10
4 10 10 10 10
1 10
3 10 10 10
2 10 10
1 10
1 10
1 10
4 10 10 10 10
2 10 10
2 10 10
5 10 10 10 10 10
5 10 10 10 10 10
3 10 10 10
17
1 10
1 10
4 10 10 10 10
1 10
3 10 10 10
2 10 10
1 10
1 10
1 10
4 10 10 10 10
2 10 10
2 10 10
5 10 10 10 10 10
5 10 10 10 10 10
3 10 10 10
18
1 10
1 10
4 10 10 10 10
1 10
3 10 10 10
2 10 10
1 10
1 10
1 10
4 10 10 10 10
2 10 10
2 10 10
5 10 10 10 10 10
5 10 10 10 10 10
3 10 10 10
19
1 10
1 10
4 10 10 10 10
1 10
3 10 10 10
2 10 10
1 10
1 10
1 10
4 10 10 10 10
2 10 10
2 10 10
5 10 10 10 10 10
5 10 10 10 10 10
3 10 10 10
20
1 10
1 10
4 10 10 10 10
1 10
3 10 10 10
2 10 10
1 10
1 10
1 10
4 10 10 10 10
2 10 10
2 10 10
5 10 10 10 10 10
5 10 10 10 10 10
3 10 10 10
21
1 10
1 10
4 10 10 10 10
1 10
3 10 10 10
2 10 10
1 10
1 10
1 10
4 10 10 10 10
2 10 10
2 10 10
5 10 10 10 10 10
5 10 10 10 10 10
3 10 10 10
22
1 10
1 10
4 10 10 10 10
1 10
3 10 10 10
2 10 10
1 10
1 10
1 10
4 10 10 10 10
2 10 10
2 10 10
5 10 10 10 10 10
5 10 10 10 10 10
3 10 10 10
23
1 10
1 10
4 10 10 10 10
1 10
3 10 10 10
2 10 10
1 10
1 10
1 10
4 10 10 10 10
2 10 10
2 10 10
5 10 10 10 10 10
5 10 10 10 10 10
3 10 10 10
24
1 10
1 10
4 10 10 10 10
1 10
3 10 10 10
2 10 10
1 10
1 10
1 10
4 10 10 10 10
2 10 10
2 10 10
5 10 10 10 10 10
5 10 10 10 10 10
3 10 10 10
25
1 10
1 10
4 10 10 10 10
1 10
3 10 10 10
2 10 10
1 10
1 10
1 10
4 10 10 10 10
2 10 10
2 10 10
5 10 10 10 10 10
5 10 10 10 10 10
3 10 10 10
26
1 10
1 10
4 10 10 10 10
1 10
3 10 10 10
2 10 10
1 10
1 10
1 10
4 10 10 10 10
2 10 10
2 10 10
5 10 10 10 10 10
5 10 10 10 10 10
3 10 10 10
27
1 10
1 10
4 10 10 10 10
1 10
3 10 10 10
2 10 10
1 10
1 10
1 10
4 10 10 10 10
2 10 10
2 10 10
5 10 10 10 10 10
5 10 10 10 10 10
3 10 10 10
28
1 10
1 10
4 10 10 10 10
1 10
3 10 10 10
2 10 10
1 10
1 10
1 10
4 10 10 10 10
2 10 10
2 10 10
5 10 10 10 10 10
5 10 10 10 10 10
3 10 10 10
29
1 10
1 10
4 10 10 10 10
1 10
3 10 10 10
2 10 10
1 10
1 10
1 10
4 10 10 10 10
2 10 10
2 10 10
5 10 10 10 10 10
5 10 10 10 10 10
3 10 10 10
30
1 10
1 10
4 10 10 10 10
1 10
3 10 10 10
2 10 10
1 10
1 10
1 10
4 10 10 10 10
2 10 10
2 10 10
5 10 10 10 10 10
5 10 10 10 10 10
3 10 10 10
5 5 5 
10 10 10 10 10 10 10 10 10 10 10 10 10 10 10 
960 630 480 810 600 630 540 510 570 510 510 540 510 660 810 
990 660 630 840 710 700 570 540 600 660 580 610 700 850 920 
420 420 420 
1080 1080 1080 
