p-C101-P2C10-I3-V1.txt
2
10
20
0.5
90
10 1 2 3 4 5 6 7 8 9 10
10 11 12 13 14 15 16 17 18 19 20
5 1 2 3 4 5
3 1 2 3
2 1 2
1 1
4 1 2 3 4
5 1 2 3 4 5
2 1 2
5 1 2 3 4 5
1 1
5 1 2 3 4 5
32 78 36 66 38 26 33 30 72 76 
10 64 14 55 10 42 20 53 55 52 
32 10 
78 64 
36 14 
66 55 
38 10 
26 42 
33 20 
30 53 
72 55 
76 52 
1
5 10 10 10 10 10
3 10 10 10
2 10 10
1 10
4 10 10 10 10
5 10 10 10 10 10
2 10 10
5 10 10 10 10 10
1 10
5 10 10 10 10 10
2
5 10 10 10 10 10
3 10 10 10
2 10 10
1 10
4 10 10 10 10
5 10 10 10 10 10
2 10 10
5 10 10 10 10 10
1 10
5 10 10 10 10 10
3
5 10 10 10 10 10
3 10 10 10
2 10 10
1 10
4 10 10 10 10
5 10 10 10 10 10
2 10 10
5 10 10 10 10 10
1 10
5 10 10 10 10 10
4
5 10 10 10 10 10
3 10 10 10
2 10 10
1 10
4 10 10 10 10
5 10 10 10 10 10
2 10 10
5 10 10 10 10 10
1 10
5 10 10 10 10 10
5
5 10 10 10 10 10
3 10 10 10
2 10 10
1 10
4 10 10 10 10
5 10 10 10 10 10
2 10 10
5 10 10 10 10 10
1 10
5 10 10 10 10 10
6
5 10 10 10 10 10
3 10 10 10
2 10 10
1 10
4 10 10 10 10
5 10 10 10 10 10
2 10 10
5 10 10 10 10 10
1 10
5 10 10 10 10 10
7
5 10 10 10 10 10
3 10 10 10
2 10 10
1 10
4 10 10 10 10
5 10 10 10 10 10
2 10 10
5 10 10 10 10 10
1 10
5 10 10 10 10 10
8
5 10 10 10 10 10
3 10 10 10
2 10 10
1 10
4 10 10 10 10
5 10 10 10 10 10
2 10 10
5 10 10 10 10 10
1 10
5 10 10 10 10 10
9
5 10 10 10 10 10
3 10 10 10
2 10 10
1 10
4 10 10 10 10
5 10 10 10 10 10
2 10 10
5 10 10 10 10 10
1 10
5 10 10 10 10 10
10
5 10 10 10 10 10
3 10 10 10
2 10 10
1 10
4 10 10 10 10
5 10 10 10 10 10
2 10 10
5 10 10 10 10 10
1 10
5 10 10 10 10 10
11
5 10 10 10 10 10
3 10 10 10
2 10 10
1 10
4 10 10 10 10
5 10 10 10 10 10
2 10 10
5 10 10 10 10 10
1 10
5 10 10 10 10 10
12
5 10 10 10 10 10
3 10 10 10
2 10 10
1 10
4 10 10 10 10
5 10 10 10 10 10
2 10 10
5 10 10 10 10 10
1 10
5 10 10 10 10 10
13
5 10 10 10 10 10
3 10 10 10
2 10 10
1 10
4 10 10 10 10
5 10 10 10 10 10
2 10 10
5 10 10 10 10 10
1 10
5 10 10 10 10 10
14
5 10 10 10 10 10
3 10 10 10
2 10 10
1 10
4 10 10 10 10
5 10 10 10 10 10
2 10 10
5 10 10 10 10 10
1 10
5 10 10 10 10 10
15
5 10 10 10 10 10
3 10 10 10
2 10 10
1 10
4 10 10 10 10
5 10 10 10 10 10
2 10 10
5 10 10 10 10 10
1 10
5 10 10 10 10 10
16
5 10 10 10 10 10
3 10 10 10
2 10 10
1 10
4 10 10 10 10
5 10 10 10 10 10
2 10 10
5 10 10 10 10 10
1 10
5 10 10 10 10 10
17
5 10 10 10 10 10
3 10 10 10
2 10 10
1 10
4 10 10 10 10
5 10 10 10 10 10
2 10 10
5 10 10 10 10 10
1 10
5 10 10 10 10 10
18
5 10 10 10 10 10
3 10 10 10
2 10 10
1 10
4 10 10 10 10
5 10 10 10 10 10
2 10 10
5 10 10 10 10 10
1 10
5 10 10 10 10 10
19
5 10 10 10 10 10
3 10 10 10
2 10 10
1 10
4 10 10 10 10
5 10 10 10 10 10
2 10 10
5 10 10 10 10 10
1 10
5 10 10 10 10 10
20
5 10 10 10 10 10
3 10 10 10
2 10 10
1 10
4 10 10 10 10
5 10 10 10 10 10
2 10 10
5 10 10 10 10 10
1 10
5 10 10 10 10 10
5 5 
10 10 10 10 10 10 10 10 10 10 
480 630 840 690 600 570 510 480 900 510 
620 710 890 710 710 710 560 620 920 650 
420 420 
1080 1080 
