p-R101-P1C5-I4-V1.txt
1
5
10
0.5
90
10 1 2 3 4 5 6 7 8 9 10
1 1
2 1 2
2 1 2
2 1 2
4 1 2 3 4
30 67 53 52 31 
30 
67 
53 
52 
31 
1
1 10
2 10 10
2 10 10
2 10 10
4 10 10 10 10
2
1 10
2 10 10
2 10 10
2 10 10
4 10 10 10 10
3
1 10
2 10 10
2 10 10
2 10 10
4 10 10 10 10
4
1 10
2 10 10
2 10 10
2 10 10
4 10 10 10 10
5
1 10
2 10 10
2 10 10
2 10 10
4 10 10 10 10
6
1 10
2 10 10
2 10 10
2 10 10
4 10 10 10 10
7
1 10
2 10 10
2 10 10
2 10 10
4 10 10 10 10
8
1 10
2 10 10
2 10 10
2 10 10
4 10 10 10 10
9
1 10
2 10 10
2 10 10
2 10 10
4 10 10 10 10
10
1 10
2 10 10
2 10 10
2 10 10
4 10 10 10 10
5 
10 10 10 10 10 
930 630 630 810 840 
960 700 700 880 990 
420 
1080 
