p-R101-P2C15-I2-V1.txt
2
15
20
0.5
90
10 1 2 3 4 5 6 7 8 9 10
10 11 12 13 14 15 16 17 18 19 20
3 1 2 3
4 1 2 3 4
3 1 2 3
3 1 2 3
3 1 2 3
5 1 2 3 4 5
1 1
1 1
4 1 2 3 4
5 1 2 3 4 5
1 1
3 1 2 3
1 1
1 1
2 1 2
52 30 36 64 60 63 44 64 41 58 64 30 36 22 53 
24 42 72 72 94 58 70 80 41 63 22 67 78 53 94 
52 24 
30 42 
36 72 
64 72 
60 94 
63 58 
44 70 
64 80 
41 41 
58 63 
64 22 
30 67 
36 78 
22 53 
53 94 
1
3 10 10 10
4 10 10 10 10
3 10 10 10
3 10 10 10
3 10 10 10
5 10 10 10 10 10
1 10
1 10
4 10 10 10 10
5 10 10 10 10 10
1 10
3 10 10 10
1 10
1 10
2 10 10
2
3 10 10 10
4 10 10 10 10
3 10 10 10
3 10 10 10
3 10 10 10
5 10 10 10 10 10
1 10
1 10
4 10 10 10 10
5 10 10 10 10 10
1 10
3 10 10 10
1 10
1 10
2 10 10
3
3 10 10 10
4 10 10 10 10
3 10 10 10
3 10 10 10
3 10 10 10
5 10 10 10 10 10
1 10
1 10
4 10 10 10 10
5 10 10 10 10 10
1 10
3 10 10 10
1 10
1 10
2 10 10
4
3 10 10 10
4 10 10 10 10
3 10 10 10
3 10 10 10
3 10 10 10
5 10 10 10 10 10
1 10
1 10
4 10 10 10 10
5 10 10 10 10 10
1 10
3 10 10 10
1 10
1 10
2 10 10
5
3 10 10 10
4 10 10 10 10
3 10 10 10
3 10 10 10
3 10 10 10
5 10 10 10 10 10
1 10
1 10
4 10 10 10 10
5 10 10 10 10 10
1 10
3 10 10 10
1 10
1 10
2 10 10
6
3 10 10 10
4 10 10 10 10
3 10 10 10
3 10 10 10
3 10 10 10
5 10 10 10 10 10
1 10
1 10
4 10 10 10 10
5 10 10 10 10 10
1 10
3 10 10 10
1 10
1 10
2 10 10
7
3 10 10 10
4 10 10 10 10
3 10 10 10
3 10 10 10
3 10 10 10
5 10 10 10 10 10
1 10
1 10
4 10 10 10 10
5 10 10 10 10 10
1 10
3 10 10 10
1 10
1 10
2 10 10
8
3 10 10 10
4 10 10 10 10
3 10 10 10
3 10 10 10
3 10 10 10
5 10 10 10 10 10
1 10
1 10
4 10 10 10 10
5 10 10 10 10 10
1 10
3 10 10 10
1 10
1 10
2 10 10
9
3 10 10 10
4 10 10 10 10
3 10 10 10
3 10 10 10
3 10 10 10
5 10 10 10 10 10
1 10
1 10
4 10 10 10 10
5 10 10 10 10 10
1 10
3 10 10 10
1 10
1 10
2 10 10
10
3 10 10 10
4 10 10 10 10
3 10 10 10
3 10 10 10
3 10 10 10
5 10 10 10 10 10
1 10
1 10
4 10 10 10 10
5 10 10 10 10 10
1 10
3 10 10 10
1 10
1 10
2 10 10
11
3 10 10 10
4 10 10 10 10
3 10 10 10
3 10 10 10
3 10 10 10
5 10 10 10 10 10
1 10
1 10
4 10 10 10 10
5 10 10 10 10 10
1 10
3 10 10 10
1 10
1 10
2 10 10
12
3 10 10 10
4 10 10 10 10
3 10 10 10
3 10 10 10
3 10 10 10
5 10 10 10 10 10
1 10
1 10
4 10 10 10 10
5 10 10 10 10 10
1 10
3 10 10 10
1 10
1 10
2 10 10
13
3 10 10 10
4 10 10 10 10
3 10 10 10
3 10 10 10
3 10 10 10
5 10 10 10 10 10
1 10
1 10
4 10 10 10 10
5 10 10 10 10 10
1 10
3 10 10 10
1 10
1 10
2 10 10
14
3 10 10 10
4 10 10 10 10
3 10 10 10
3 10 10 10
3 10 10 10
5 10 10 10 10 10
1 10
1 10
4 10 10 10 10
5 10 10 10 10 10
1 10
3 10 10 10
1 10
1 10
2 10 10
15
3 10 10 10
4 10 10 10 10
3 10 10 10
3 10 10 10
3 10 10 10
5 10 10 10 10 10
1 10
1 10
4 10 10 10 10
5 10 10 10 10 10
1 10
3 10 10 10
1 10
1 10
2 10 10
16
3 10 10 10
4 10 10 10 10
3 10 10 10
3 10 10 10
3 10 10 10
5 10 10 10 10 10
1 10
1 10
4 10 10 10 10
5 10 10 10 10 10
1 10
3 10 10 10
1 10
1 10
2 10 10
17
3 10 10 10
4 10 10 10 10
3 10 10 10
3 10 10 10
3 10 10 10
5 10 10 10 10 10
1 10
1 10
4 10 10 10 10
5 10 10 10 10 10
1 10
3 10 10 10
1 10
1 10
2 10 10
18
3 10 10 10
4 10 10 10 10
3 10 10 10
3 10 10 10
3 10 10 10
5 10 10 10 10 10
1 10
1 10
4 10 10 10 10
5 10 10 10 10 10
1 10
3 10 10 10
1 10
1 10
2 10 10
19
3 10 10 10
4 10 10 10 10
3 10 10 10
3 10 10 10
3 10 10 10
5 10 10 10 10 10
1 10
1 10
4 10 10 10 10
5 10 10 10 10 10
1 10
3 10 10 10
1 10
1 10
2 10 10
20
3 10 10 10
4 10 10 10 10
3 10 10 10
3 10 10 10
3 10 10 10
5 10 10 10 10 10
1 10
1 10
4 10 10 10 10
5 10 10 10 10 10
1 10
3 10 10 10
1 10
1 10
2 10 10
5 5 
10 10 10 10 10 10 10 10 10 10 10 10 10 10 10 
630 810 930 900 900 540 960 960 510 600 870 480 840 690 540 
680 880 980 950 950 630 970 970 580 690 880 530 850 700 570 
420 420 
1080 1080 
