p-R101-P2C10-I4-V1.txt
2
10
20
0.5
90
10 1 2 3 4 5 6 7 8 9 10
10 11 12 13 14 15 16 17 18 19 20
4 1 2 3 4
4 1 2 3 4
1 1
1 1
3 1 2 3
3 1 2 3
2 1 2
3 1 2 3
3 1 2 3
2 1 2
36 42 44 60 64 30 52 31 60 72 
42 80 106 111 100 86 66 60 44 80 
36 42 
42 80 
44 106 
60 111 
64 100 
30 86 
52 66 
31 60 
60 44 
72 80 
1
4 10 10 10 10
4 10 10 10 10
1 10
1 10
3 10 10 10
3 10 10 10
2 10 10
3 10 10 10
3 10 10 10
2 10 10
2
4 10 10 10 10
4 10 10 10 10
1 10
1 10
3 10 10 10
3 10 10 10
2 10 10
3 10 10 10
3 10 10 10
2 10 10
3
4 10 10 10 10
4 10 10 10 10
1 10
1 10
3 10 10 10
3 10 10 10
2 10 10
3 10 10 10
3 10 10 10
2 10 10
4
4 10 10 10 10
4 10 10 10 10
1 10
1 10
3 10 10 10
3 10 10 10
2 10 10
3 10 10 10
3 10 10 10
2 10 10
5
4 10 10 10 10
4 10 10 10 10
1 10
1 10
3 10 10 10
3 10 10 10
2 10 10
3 10 10 10
3 10 10 10
2 10 10
6
4 10 10 10 10
4 10 10 10 10
1 10
1 10
3 10 10 10
3 10 10 10
2 10 10
3 10 10 10
3 10 10 10
2 10 10
7
4 10 10 10 10
4 10 10 10 10
1 10
1 10
3 10 10 10
3 10 10 10
2 10 10
3 10 10 10
3 10 10 10
2 10 10
8
4 10 10 10 10
4 10 10 10 10
1 10
1 10
3 10 10 10
3 10 10 10
2 10 10
3 10 10 10
3 10 10 10
2 10 10
9
4 10 10 10 10
4 10 10 10 10
1 10
1 10
3 10 10 10
3 10 10 10
2 10 10
3 10 10 10
3 10 10 10
2 10 10
10
4 10 10 10 10
4 10 10 10 10
1 10
1 10
3 10 10 10
3 10 10 10
2 10 10
3 10 10 10
3 10 10 10
2 10 10
11
4 10 10 10 10
4 10 10 10 10
1 10
1 10
3 10 10 10
3 10 10 10
2 10 10
3 10 10 10
3 10 10 10
2 10 10
12
4 10 10 10 10
4 10 10 10 10
1 10
1 10
3 10 10 10
3 10 10 10
2 10 10
3 10 10 10
3 10 10 10
2 10 10
13
4 10 10 10 10
4 10 10 10 10
1 10
1 10
3 10 10 10
3 10 10 10
2 10 10
3 10 10 10
3 10 10 10
2 10 10
14
4 10 10 10 10
4 10 10 10 10
1 10
1 10
3 10 10 10
3 10 10 10
2 10 10
3 10 10 10
3 10 10 10
2 10 10
15
4 10 10 10 10
4 10 10 10 10
1 10
1 10
3 10 10 10
3 10 10 10
2 10 10
3 10 10 10
3 10 10 10
2 10 10
16
4 10 10 10 10
4 10 10 10 10
1 10
1 10
3 10 10 10
3 10 10 10
2 10 10
3 10 10 10
3 10 10 10
2 10 10
17
4 10 10 10 10
4 10 10 10 10
1 10
1 10
3 10 10 10
3 10 10 10
2 10 10
3 10 10 10
3 10 10 10
2 10 10
18
4 10 10 10 10
4 10 10 10 10
1 10
1 10
3 10 10 10
3 10 10 10
2 10 10
3 10 10 10
3 10 10 10
2 10 10
19
4 10 10 10 10
4 10 10 10 10
1 10
1 10
3 10 10 10
3 10 10 10
2 10 10
3 10 10 10
3 10 10 10
2 10 10
20
4 10 10 10 10
4 10 10 10 10
1 10
1 10
3 10 10 10
3 10 10 10
2 10 10
3 10 10 10
3 10 10 10
2 10 10
5 5 
10 10 10 10 10 10 10 10 10 10 
510 600 960 570 480 570 840 840 510 900 
660 750 990 600 590 680 910 950 620 970 
420 420 
1080 1080 
