p-R101-P2C15-I4-V2.txt
2
15
20
0.5
90
10 1 2 3 4 5 6 7 8 9 10
10 11 12 13 14 15 16 17 18 19 20
5 1 2 3 4 5
4 1 2 3 4
3 1 2 3
2 1 2
4 1 2 3 4
4 1 2 3 4
4 1 2 3 4
5 1 2 3 4 5
2 1 2
4 1 2 3 4
5 1 2 3 4 5
4 1 2 3 4
2 1 2
4 1 2 3 4
4 1 2 3 4
31 44 41 30 60 67 52 60 64 36 42 30 53 63 50 
41 85 60 56 111 128 35 63 80 100 22 86 116 60 30 
31 41 
44 85 
41 60 
30 56 
60 111 
67 128 
52 35 
60 63 
64 80 
36 100 
42 22 
30 86 
53 116 
63 60 
50 30 
1
5 10 10 10 10 10
4 10 10 10 10
3 10 10 10
2 10 10
4 10 10 10 10
4 10 10 10 10
4 10 10 10 10
5 10 10 10 10 10
2 10 10
4 10 10 10 10
5 10 10 10 10 10
4 10 10 10 10
2 10 10
4 10 10 10 10
4 10 10 10 10
2
5 10 10 10 10 10
4 10 10 10 10
3 10 10 10
2 10 10
4 10 10 10 10
4 10 10 10 10
4 10 10 10 10
5 10 10 10 10 10
2 10 10
4 10 10 10 10
5 10 10 10 10 10
4 10 10 10 10
2 10 10
4 10 10 10 10
4 10 10 10 10
3
5 10 10 10 10 10
4 10 10 10 10
3 10 10 10
2 10 10
4 10 10 10 10
4 10 10 10 10
4 10 10 10 10
5 10 10 10 10 10
2 10 10
4 10 10 10 10
5 10 10 10 10 10
4 10 10 10 10
2 10 10
4 10 10 10 10
4 10 10 10 10
4
5 10 10 10 10 10
4 10 10 10 10
3 10 10 10
2 10 10
4 10 10 10 10
4 10 10 10 10
4 10 10 10 10
5 10 10 10 10 10
2 10 10
4 10 10 10 10
5 10 10 10 10 10
4 10 10 10 10
2 10 10
4 10 10 10 10
4 10 10 10 10
5
5 10 10 10 10 10
4 10 10 10 10
3 10 10 10
2 10 10
4 10 10 10 10
4 10 10 10 10
4 10 10 10 10
5 10 10 10 10 10
2 10 10
4 10 10 10 10
5 10 10 10 10 10
4 10 10 10 10
2 10 10
4 10 10 10 10
4 10 10 10 10
6
5 10 10 10 10 10
4 10 10 10 10
3 10 10 10
2 10 10
4 10 10 10 10
4 10 10 10 10
4 10 10 10 10
5 10 10 10 10 10
2 10 10
4 10 10 10 10
5 10 10 10 10 10
4 10 10 10 10
2 10 10
4 10 10 10 10
4 10 10 10 10
7
5 10 10 10 10 10
4 10 10 10 10
3 10 10 10
2 10 10
4 10 10 10 10
4 10 10 10 10
4 10 10 10 10
5 10 10 10 10 10
2 10 10
4 10 10 10 10
5 10 10 10 10 10
4 10 10 10 10
2 10 10
4 10 10 10 10
4 10 10 10 10
8
5 10 10 10 10 10
4 10 10 10 10
3 10 10 10
2 10 10
4 10 10 10 10
4 10 10 10 10
4 10 10 10 10
5 10 10 10 10 10
2 10 10
4 10 10 10 10
5 10 10 10 10 10
4 10 10 10 10
2 10 10
4 10 10 10 10
4 10 10 10 10
9
5 10 10 10 10 10
4 10 10 10 10
3 10 10 10
2 10 10
4 10 10 10 10
4 10 10 10 10
4 10 10 10 10
5 10 10 10 10 10
2 10 10
4 10 10 10 10
5 10 10 10 10 10
4 10 10 10 10
2 10 10
4 10 10 10 10
4 10 10 10 10
10
5 10 10 10 10 10
4 10 10 10 10
3 10 10 10
2 10 10
4 10 10 10 10
4 10 10 10 10
4 10 10 10 10
5 10 10 10 10 10
2 10 10
4 10 10 10 10
5 10 10 10 10 10
4 10 10 10 10
2 10 10
4 10 10 10 10
4 10 10 10 10
11
5 10 10 10 10 10
4 10 10 10 10
3 10 10 10
2 10 10
4 10 10 10 10
4 10 10 10 10
4 10 10 10 10
5 10 10 10 10 10
2 10 10
4 10 10 10 10
5 10 10 10 10 10
4 10 10 10 10
2 10 10
4 10 10 10 10
4 10 10 10 10
12
5 10 10 10 10 10
4 10 10 10 10
3 10 10 10
2 10 10
4 10 10 10 10
4 10 10 10 10
4 10 10 10 10
5 10 10 10 10 10
2 10 10
4 10 10 10 10
5 10 10 10 10 10
4 10 10 10 10
2 10 10
4 10 10 10 10
4 10 10 10 10
13
5 10 10 10 10 10
4 10 10 10 10
3 10 10 10
2 10 10
4 10 10 10 10
4 10 10 10 10
4 10 10 10 10
5 10 10 10 10 10
2 10 10
4 10 10 10 10
5 10 10 10 10 10
4 10 10 10 10
2 10 10
4 10 10 10 10
4 10 10 10 10
14
5 10 10 10 10 10
4 10 10 10 10
3 10 10 10
2 10 10
4 10 10 10 10
4 10 10 10 10
4 10 10 10 10
5 10 10 10 10 10
2 10 10
4 10 10 10 10
5 10 10 10 10 10
4 10 10 10 10
2 10 10
4 10 10 10 10
4 10 10 10 10
15
5 10 10 10 10 10
4 10 10 10 10
3 10 10 10
2 10 10
4 10 10 10 10
4 10 10 10 10
4 10 10 10 10
5 10 10 10 10 10
2 10 10
4 10 10 10 10
5 10 10 10 10 10
4 10 10 10 10
2 10 10
4 10 10 10 10
4 10 10 10 10
16
5 10 10 10 10 10
4 10 10 10 10
3 10 10 10
2 10 10
4 10 10 10 10
4 10 10 10 10
4 10 10 10 10
5 10 10 10 10 10
2 10 10
4 10 10 10 10
5 10 10 10 10 10
4 10 10 10 10
2 10 10
4 10 10 10 10
4 10 10 10 10
17
5 10 10 10 10 10
4 10 10 10 10
3 10 10 10
2 10 10
4 10 10 10 10
4 10 10 10 10
4 10 10 10 10
5 10 10 10 10 10
2 10 10
4 10 10 10 10
5 10 10 10 10 10
4 10 10 10 10
2 10 10
4 10 10 10 10
4 10 10 10 10
18
5 10 10 10 10 10
4 10 10 10 10
3 10 10 10
2 10 10
4 10 10 10 10
4 10 10 10 10
4 10 10 10 10
5 10 10 10 10 10
2 10 10
4 10 10 10 10
5 10 10 10 10 10
4 10 10 10 10
2 10 10
4 10 10 10 10
4 10 10 10 10
19
5 10 10 10 10 10
4 10 10 10 10
3 10 10 10
2 10 10
4 10 10 10 10
4 10 10 10 10
4 10 10 10 10
5 10 10 10 10 10
2 10 10
4 10 10 10 10
5 10 10 10 10 10
4 10 10 10 10
2 10 10
4 10 10 10 10
4 10 10 10 10
20
5 10 10 10 10 10
4 10 10 10 10
3 10 10 10
2 10 10
4 10 10 10 10
4 10 10 10 10
4 10 10 10 10
5 10 10 10 10 10
2 10 10
4 10 10 10 10
5 10 10 10 10 10
4 10 10 10 10
2 10 10
4 10 10 10 10
4 10 10 10 10
5 5 
10 10 10 10 10 10 10 10 10 10 10 10 10 10 10 
480 510 840 600 600 510 510 810 480 510 810 630 630 540 480 
670 660 950 670 750 660 660 1000 550 660 1000 780 700 690 630 
420 420 
1080 1080 
