p-R101-P2C10-I2-V2.txt
2
10
20
0.5
90
10 1 2 3 4 5 6 7 8 9 10
10 11 12 13 14 15 16 17 18 19 20
4 1 2 3 4
2 1 2
4 1 2 3 4
2 1 2
2 1 2
1 1
2 1 2
4 1 2 3 4
5 1 2 3 4 5
5 1 2 3 4 5
31 42 58 36 36 50 67 22 67 30 
70 58 114 98 90 31 50 85 98 60 
31 70 
42 58 
58 114 
36 98 
36 90 
50 31 
67 50 
22 85 
67 98 
30 60 
1
4 10 10 10 10
2 10 10
4 10 10 10 10
2 10 10
2 10 10
1 10
2 10 10
4 10 10 10 10
5 10 10 10 10 10
5 10 10 10 10 10
2
4 10 10 10 10
2 10 10
4 10 10 10 10
2 10 10
2 10 10
1 10
2 10 10
4 10 10 10 10
5 10 10 10 10 10
5 10 10 10 10 10
3
4 10 10 10 10
2 10 10
4 10 10 10 10
2 10 10
2 10 10
1 10
2 10 10
4 10 10 10 10
5 10 10 10 10 10
5 10 10 10 10 10
4
4 10 10 10 10
2 10 10
4 10 10 10 10
2 10 10
2 10 10
1 10
2 10 10
4 10 10 10 10
5 10 10 10 10 10
5 10 10 10 10 10
5
4 10 10 10 10
2 10 10
4 10 10 10 10
2 10 10
2 10 10
1 10
2 10 10
4 10 10 10 10
5 10 10 10 10 10
5 10 10 10 10 10
6
4 10 10 10 10
2 10 10
4 10 10 10 10
2 10 10
2 10 10
1 10
2 10 10
4 10 10 10 10
5 10 10 10 10 10
5 10 10 10 10 10
7
4 10 10 10 10
2 10 10
4 10 10 10 10
2 10 10
2 10 10
1 10
2 10 10
4 10 10 10 10
5 10 10 10 10 10
5 10 10 10 10 10
8
4 10 10 10 10
2 10 10
4 10 10 10 10
2 10 10
2 10 10
1 10
2 10 10
4 10 10 10 10
5 10 10 10 10 10
5 10 10 10 10 10
9
4 10 10 10 10
2 10 10
4 10 10 10 10
2 10 10
2 10 10
1 10
2 10 10
4 10 10 10 10
5 10 10 10 10 10
5 10 10 10 10 10
10
4 10 10 10 10
2 10 10
4 10 10 10 10
2 10 10
2 10 10
1 10
2 10 10
4 10 10 10 10
5 10 10 10 10 10
5 10 10 10 10 10
11
4 10 10 10 10
2 10 10
4 10 10 10 10
2 10 10
2 10 10
1 10
2 10 10
4 10 10 10 10
5 10 10 10 10 10
5 10 10 10 10 10
12
4 10 10 10 10
2 10 10
4 10 10 10 10
2 10 10
2 10 10
1 10
2 10 10
4 10 10 10 10
5 10 10 10 10 10
5 10 10 10 10 10
13
4 10 10 10 10
2 10 10
4 10 10 10 10
2 10 10
2 10 10
1 10
2 10 10
4 10 10 10 10
5 10 10 10 10 10
5 10 10 10 10 10
14
4 10 10 10 10
2 10 10
4 10 10 10 10
2 10 10
2 10 10
1 10
2 10 10
4 10 10 10 10
5 10 10 10 10 10
5 10 10 10 10 10
15
4 10 10 10 10
2 10 10
4 10 10 10 10
2 10 10
2 10 10
1 10
2 10 10
4 10 10 10 10
5 10 10 10 10 10
5 10 10 10 10 10
16
4 10 10 10 10
2 10 10
4 10 10 10 10
2 10 10
2 10 10
1 10
2 10 10
4 10 10 10 10
5 10 10 10 10 10
5 10 10 10 10 10
17
4 10 10 10 10
2 10 10
4 10 10 10 10
2 10 10
2 10 10
1 10
2 10 10
4 10 10 10 10
5 10 10 10 10 10
5 10 10 10 10 10
18
4 10 10 10 10
2 10 10
4 10 10 10 10
2 10 10
2 10 10
1 10
2 10 10
4 10 10 10 10
5 10 10 10 10 10
5 10 10 10 10 10
19
4 10 10 10 10
2 10 10
4 10 10 10 10
2 10 10
2 10 10
1 10
2 10 10
4 10 10 10 10
5 10 10 10 10 10
5 10 10 10 10 10
20
4 10 10 10 10
2 10 10
4 10 10 10 10
2 10 10
2 10 10
1 10
2 10 10
4 10 10 10 10
5 10 10 10 10 10
5 10 10 10 10 10
5 5 
10 10 10 10 10 10 10 10 10 10 
480 540 480 480 930 600 930 810 810 540 
550 570 550 510 960 610 960 880 900 630 
420 420 
1080 1080 
