p-R101-P3C15-I4-V2.txt
3
15
30
0.5
90
10 1 2 3 4 5 6 7 8 9 10
10 11 12 13 14 15 16 17 18 19 20
10 21 22 23 24 25 26 27 28 29 30
3 1 2 3
2 1 2
2 1 2
1 1
1 1
1 1
4 1 2 3 4
2 1 2
4 1 2 3 4
1 1
4 1 2 3 4
2 1 2
5 1 2 3 4 5
3 1 2 3
3 1 2 3
67 60 41 64 53 67 50 36 31 64 36 64 60 50 30 
48 85 27 66 96 119 101 72 20 96 83 35 111 52 63 
92 50 22 22 72 110 90 50 44 120 70 80 114 89 84 
67 48 92 
60 85 50 
41 27 22 
64 66 22 
53 96 72 
67 119 110 
50 101 90 
36 72 50 
31 20 44 
64 96 120 
36 83 70 
64 35 80 
60 111 114 
50 52 89 
30 63 84 
1
3 10 10 10
2 10 10
2 10 10
1 10
1 10
1 10
4 10 10 10 10
2 10 10
4 10 10 10 10
1 10
4 10 10 10 10
2 10 10
5 10 10 10 10 10
3 10 10 10
3 10 10 10
2
3 10 10 10
2 10 10
2 10 10
1 10
1 10
1 10
4 10 10 10 10
2 10 10
4 10 10 10 10
1 10
4 10 10 10 10
2 10 10
5 10 10 10 10 10
3 10 10 10
3 10 10 10
3
3 10 10 10
2 10 10
2 10 10
1 10
1 10
1 10
4 10 10 10 10
2 10 10
4 10 10 10 10
1 10
4 10 10 10 10
2 10 10
5 10 10 10 10 10
3 10 10 10
3 10 10 10
4
3 10 10 10
2 10 10
2 10 10
1 10
1 10
1 10
4 10 10 10 10
2 10 10
4 10 10 10 10
1 10
4 10 10 10 10
2 10 10
5 10 10 10 10 10
3 10 10 10
3 10 10 10
5
3 10 10 10
2 10 10
2 10 10
1 10
1 10
1 10
4 10 10 10 10
2 10 10
4 10 10 10 10
1 10
4 10 10 10 10
2 10 10
5 10 10 10 10 10
3 10 10 10
3 10 10 10
6
3 10 10 10
2 10 10
2 10 10
1 10
1 10
1 10
4 10 10 10 10
2 10 10
4 10 10 10 10
1 10
4 10 10 10 10
2 10 10
5 10 10 10 10 10
3 10 10 10
3 10 10 10
7
3 10 10 10
2 10 10
2 10 10
1 10
1 10
1 10
4 10 10 10 10
2 10 10
4 10 10 10 10
1 10
4 10 10 10 10
2 10 10
5 10 10 10 10 10
3 10 10 10
3 10 10 10
8
3 10 10 10
2 10 10
2 10 10
1 10
1 10
1 10
4 10 10 10 10
2 10 10
4 10 10 10 10
1 10
4 10 10 10 10
2 10 10
5 10 10 10 10 10
3 10 10 10
3 10 10 10
9
3 10 10 10
2 10 10
2 10 10
1 10
1 10
1 10
4 10 10 10 10
2 10 10
4 10 10 10 10
1 10
4 10 10 10 10
2 10 10
5 10 10 10 10 10
3 10 10 10
3 10 10 10
10
3 10 10 10
2 10 10
2 10 10
1 10
1 10
1 10
4 10 10 10 10
2 10 10
4 10 10 10 10
1 10
4 10 10 10 10
2 10 10
5 10 10 10 10 10
3 10 10 10
3 10 10 10
11
3 10 10 10
2 10 10
2 10 10
1 10
1 10
1 10
4 10 10 10 10
2 10 10
4 10 10 10 10
1 10
4 10 10 10 10
2 10 10
5 10 10 10 10 10
3 10 10 10
3 10 10 10
12
3 10 10 10
2 10 10
2 10 10
1 10
1 10
1 10
4 10 10 10 10
2 10 10
4 10 10 10 10
1 10
4 10 10 10 10
2 10 10
5 10 10 10 10 10
3 10 10 10
3 10 10 10
13
3 10 10 10
2 10 10
2 10 10
1 10
1 10
1 10
4 10 10 10 10
2 10 10
4 10 10 10 10
1 10
4 10 10 10 10
2 10 10
5 10 10 10 10 10
3 10 10 10
3 10 10 10
14
3 10 10 10
2 10 10
2 10 10
1 10
1 10
1 10
4 10 10 10 10
2 10 10
4 10 10 10 10
1 10
4 10 10 10 10
2 10 10
5 10 10 10 10 10
3 10 10 10
3 10 10 10
15
3 10 10 10
2 10 10
2 10 10
1 10
1 10
1 10
4 10 10 10 10
2 10 10
4 10 10 10 10
1 10
4 10 10 10 10
2 10 10
5 10 10 10 10 10
3 10 10 10
3 10 10 10
16
3 10 10 10
2 10 10
2 10 10
1 10
1 10
1 10
4 10 10 10 10
2 10 10
4 10 10 10 10
1 10
4 10 10 10 10
2 10 10
5 10 10 10 10 10
3 10 10 10
3 10 10 10
17
3 10 10 10
2 10 10
2 10 10
1 10
1 10
1 10
4 10 10 10 10
2 10 10
4 10 10 10 10
1 10
4 10 10 10 10
2 10 10
5 10 10 10 10 10
3 10 10 10
3 10 10 10
18
3 10 10 10
2 10 10
2 10 10
1 10
1 10
1 10
4 10 10 10 10
2 10 10
4 10 10 10 10
1 10
4 10 10 10 10
2 10 10
5 10 10 10 10 10
3 10 10 10
3 10 10 10
19
3 10 10 10
2 10 10
2 10 10
1 10
1 10
1 10
4 10 10 10 10
2 10 10
4 10 10 10 10
1 10
4 10 10 10 10
2 10 10
5 10 10 10 10 10
3 10 10 10
3 10 10 10
20
3 10 10 10
2 10 10
2 10 10
1 10
1 10
1 10
4 10 10 10 10
2 10 10
4 10 10 10 10
1 10
4 10 10 10 10
2 10 10
5 10 10 10 10 10
3 10 10 10
3 10 10 10
21
3 10 10 10
2 10 10
2 10 10
1 10
1 10
1 10
4 10 10 10 10
2 10 10
4 10 10 10 10
1 10
4 10 10 10 10
2 10 10
5 10 10 10 10 10
3 10 10 10
3 10 10 10
22
3 10 10 10
2 10 10
2 10 10
1 10
1 10
1 10
4 10 10 10 10
2 10 10
4 10 10 10 10
1 10
4 10 10 10 10
2 10 10
5 10 10 10 10 10
3 10 10 10
3 10 10 10
23
3 10 10 10
2 10 10
2 10 10
1 10
1 10
1 10
4 10 10 10 10
2 10 10
4 10 10 10 10
1 10
4 10 10 10 10
2 10 10
5 10 10 10 10 10
3 10 10 10
3 10 10 10
24
3 10 10 10
2 10 10
2 10 10
1 10
1 10
1 10
4 10 10 10 10
2 10 10
4 10 10 10 10
1 10
4 10 10 10 10
2 10 10
5 10 10 10 10 10
3 10 10 10
3 10 10 10
25
3 10 10 10
2 10 10
2 10 10
1 10
1 10
1 10
4 10 10 10 10
2 10 10
4 10 10 10 10
1 10
4 10 10 10 10
2 10 10
5 10 10 10 10 10
3 10 10 10
3 10 10 10
26
3 10 10 10
2 10 10
2 10 10
1 10
1 10
1 10
4 10 10 10 10
2 10 10
4 10 10 10 10
1 10
4 10 10 10 10
2 10 10
5 10 10 10 10 10
3 10 10 10
3 10 10 10
27
3 10 10 10
2 10 10
2 10 10
1 10
1 10
1 10
4 10 10 10 10
2 10 10
4 10 10 10 10
1 10
4 10 10 10 10
2 10 10
5 10 10 10 10 10
3 10 10 10
3 10 10 10
28
3 10 10 10
2 10 10
2 10 10
1 10
1 10
1 10
4 10 10 10 10
2 10 10
4 10 10 10 10
1 10
4 10 10 10 10
2 10 10
5 10 10 10 10 10
3 10 10 10
3 10 10 10
29
3 10 10 10
2 10 10
2 10 10
1 10
1 10
1 10
4 10 10 10 10
2 10 10
4 10 10 10 10
1 10
4 10 10 10 10
2 10 10
5 10 10 10 10 10
3 10 10 10
3 10 10 10
30
3 10 10 10
2 10 10
2 10 10
1 10
1 10
1 10
4 10 10 10 10
2 10 10
4 10 10 10 10
1 10
4 10 10 10 10
2 10 10
5 10 10 10 10 10
3 10 10 10
3 10 10 10
5 5 5 
10 10 10 10 10 10 10 10 10 10 10 10 10 10 10 
870 480 480 540 660 660 540 540 510 930 540 600 510 540 900 
980 550 550 570 690 690 690 610 660 960 690 670 700 650 1010 
420 420 420 
1080 1080 1080 
