p-R101-P1C5-I3-V2.txt
1
5
10
0.5
90
10 1 2 3 4 5 6 7 8 9 10
4 1 2 3 4
5 1 2 3 4 5
2 1 2
5 1 2 3 4 5
2 1 2
60 50 52 64 31 
60 
50 
52 
64 
31 
1
4 10 10 10 10
5 10 10 10 10 10
2 10 10
5 10 10 10 10 10
2 10 10
2
4 10 10 10 10
5 10 10 10 10 10
2 10 10
5 10 10 10 10 10
2 10 10
3
4 10 10 10 10
5 10 10 10 10 10
2 10 10
5 10 10 10 10 10
2 10 10
4
4 10 10 10 10
5 10 10 10 10 10
2 10 10
5 10 10 10 10 10
2 10 10
5
4 10 10 10 10
5 10 10 10 10 10
2 10 10
5 10 10 10 10 10
2 10 10
6
4 10 10 10 10
5 10 10 10 10 10
2 10 10
5 10 10 10 10 10
2 10 10
7
4 10 10 10 10
5 10 10 10 10 10
2 10 10
5 10 10 10 10 10
2 10 10
8
4 10 10 10 10
5 10 10 10 10 10
2 10 10
5 10 10 10 10 10
2 10 10
9
4 10 10 10 10
5 10 10 10 10 10
2 10 10
5 10 10 10 10 10
2 10 10
10
4 10 10 10 10
5 10 10 10 10 10
2 10 10
5 10 10 10 10 10
2 10 10
5 
10 10 10 10 10 
660 570 870 570 930 
770 710 920 710 980 
420 
1080 
