p-R101-P3C15-I4-V1.txt
3
15
30
0.5
90
10 1 2 3 4 5 6 7 8 9 10
10 11 12 13 14 15 16 17 18 19 20
10 21 22 23 24 25 26 27 28 29 30
5 1 2 3 4 5
2 1 2
1 1
1 1
3 1 2 3
4 1 2 3 4
4 1 2 3 4
1 1
3 1 2 3
2 1 2
3 1 2 3
3 1 2 3
3 1 2 3
4 1 2 3 4
5 1 2 3 4 5
30 44 36 53 64 31 52 30 60 64 60 22 42 36 63 
90 104 82 89 116 36 27 81 120 44 70 40 50 65 106 
85 102 70 72 120 44 46 84 114 22 50 36 63 50 114 
30 90 85 
44 104 102 
36 82 70 
53 89 72 
64 116 120 
31 36 44 
52 27 46 
30 81 84 
60 120 114 
64 44 22 
60 70 50 
22 40 36 
42 50 63 
36 65 50 
63 106 114 
1
5 10 10 10 10 10
2 10 10
1 10
1 10
3 10 10 10
4 10 10 10 10
4 10 10 10 10
1 10
3 10 10 10
2 10 10
3 10 10 10
3 10 10 10
3 10 10 10
4 10 10 10 10
5 10 10 10 10 10
2
5 10 10 10 10 10
2 10 10
1 10
1 10
3 10 10 10
4 10 10 10 10
4 10 10 10 10
1 10
3 10 10 10
2 10 10
3 10 10 10
3 10 10 10
3 10 10 10
4 10 10 10 10
5 10 10 10 10 10
3
5 10 10 10 10 10
2 10 10
1 10
1 10
3 10 10 10
4 10 10 10 10
4 10 10 10 10
1 10
3 10 10 10
2 10 10
3 10 10 10
3 10 10 10
3 10 10 10
4 10 10 10 10
5 10 10 10 10 10
4
5 10 10 10 10 10
2 10 10
1 10
1 10
3 10 10 10
4 10 10 10 10
4 10 10 10 10
1 10
3 10 10 10
2 10 10
3 10 10 10
3 10 10 10
3 10 10 10
4 10 10 10 10
5 10 10 10 10 10
5
5 10 10 10 10 10
2 10 10
1 10
1 10
3 10 10 10
4 10 10 10 10
4 10 10 10 10
1 10
3 10 10 10
2 10 10
3 10 10 10
3 10 10 10
3 10 10 10
4 10 10 10 10
5 10 10 10 10 10
6
5 10 10 10 10 10
2 10 10
1 10
1 10
3 10 10 10
4 10 10 10 10
4 10 10 10 10
1 10
3 10 10 10
2 10 10
3 10 10 10
3 10 10 10
3 10 10 10
4 10 10 10 10
5 10 10 10 10 10
7
5 10 10 10 10 10
2 10 10
1 10
1 10
3 10 10 10
4 10 10 10 10
4 10 10 10 10
1 10
3 10 10 10
2 10 10
3 10 10 10
3 10 10 10
3 10 10 10
4 10 10 10 10
5 10 10 10 10 10
8
5 10 10 10 10 10
2 10 10
1 10
1 10
3 10 10 10
4 10 10 10 10
4 10 10 10 10
1 10
3 10 10 10
2 10 10
3 10 10 10
3 10 10 10
3 10 10 10
4 10 10 10 10
5 10 10 10 10 10
9
5 10 10 10 10 10
2 10 10
1 10
1 10
3 10 10 10
4 10 10 10 10
4 10 10 10 10
1 10
3 10 10 10
2 10 10
3 10 10 10
3 10 10 10
3 10 10 10
4 10 10 10 10
5 10 10 10 10 10
10
5 10 10 10 10 10
2 10 10
1 10
1 10
3 10 10 10
4 10 10 10 10
4 10 10 10 10
1 10
3 10 10 10
2 10 10
3 10 10 10
3 10 10 10
3 10 10 10
4 10 10 10 10
5 10 10 10 10 10
11
5 10 10 10 10 10
2 10 10
1 10
1 10
3 10 10 10
4 10 10 10 10
4 10 10 10 10
1 10
3 10 10 10
2 10 10
3 10 10 10
3 10 10 10
3 10 10 10
4 10 10 10 10
5 10 10 10 10 10
12
5 10 10 10 10 10
2 10 10
1 10
1 10
3 10 10 10
4 10 10 10 10
4 10 10 10 10
1 10
3 10 10 10
2 10 10
3 10 10 10
3 10 10 10
3 10 10 10
4 10 10 10 10
5 10 10 10 10 10
13
5 10 10 10 10 10
2 10 10
1 10
1 10
3 10 10 10
4 10 10 10 10
4 10 10 10 10
1 10
3 10 10 10
2 10 10
3 10 10 10
3 10 10 10
3 10 10 10
4 10 10 10 10
5 10 10 10 10 10
14
5 10 10 10 10 10
2 10 10
1 10
1 10
3 10 10 10
4 10 10 10 10
4 10 10 10 10
1 10
3 10 10 10
2 10 10
3 10 10 10
3 10 10 10
3 10 10 10
4 10 10 10 10
5 10 10 10 10 10
15
5 10 10 10 10 10
2 10 10
1 10
1 10
3 10 10 10
4 10 10 10 10
4 10 10 10 10
1 10
3 10 10 10
2 10 10
3 10 10 10
3 10 10 10
3 10 10 10
4 10 10 10 10
5 10 10 10 10 10
16
5 10 10 10 10 10
2 10 10
1 10
1 10
3 10 10 10
4 10 10 10 10
4 10 10 10 10
1 10
3 10 10 10
2 10 10
3 10 10 10
3 10 10 10
3 10 10 10
4 10 10 10 10
5 10 10 10 10 10
17
5 10 10 10 10 10
2 10 10
1 10
1 10
3 10 10 10
4 10 10 10 10
4 10 10 10 10
1 10
3 10 10 10
2 10 10
3 10 10 10
3 10 10 10
3 10 10 10
4 10 10 10 10
5 10 10 10 10 10
18
5 10 10 10 10 10
2 10 10
1 10
1 10
3 10 10 10
4 10 10 10 10
4 10 10 10 10
1 10
3 10 10 10
2 10 10
3 10 10 10
3 10 10 10
3 10 10 10
4 10 10 10 10
5 10 10 10 10 10
19
5 10 10 10 10 10
2 10 10
1 10
1 10
3 10 10 10
4 10 10 10 10
4 10 10 10 10
1 10
3 10 10 10
2 10 10
3 10 10 10
3 10 10 10
3 10 10 10
4 10 10 10 10
5 10 10 10 10 10
20
5 10 10 10 10 10
2 10 10
1 10
1 10
3 10 10 10
4 10 10 10 10
4 10 10 10 10
1 10
3 10 10 10
2 10 10
3 10 10 10
3 10 10 10
3 10 10 10
4 10 10 10 10
5 10 10 10 10 10
21
5 10 10 10 10 10
2 10 10
1 10
1 10
3 10 10 10
4 10 10 10 10
4 10 10 10 10
1 10
3 10 10 10
2 10 10
3 10 10 10
3 10 10 10
3 10 10 10
4 10 10 10 10
5 10 10 10 10 10
22
5 10 10 10 10 10
2 10 10
1 10
1 10
3 10 10 10
4 10 10 10 10
4 10 10 10 10
1 10
3 10 10 10
2 10 10
3 10 10 10
3 10 10 10
3 10 10 10
4 10 10 10 10
5 10 10 10 10 10
23
5 10 10 10 10 10
2 10 10
1 10
1 10
3 10 10 10
4 10 10 10 10
4 10 10 10 10
1 10
3 10 10 10
2 10 10
3 10 10 10
3 10 10 10
3 10 10 10
4 10 10 10 10
5 10 10 10 10 10
24
5 10 10 10 10 10
2 10 10
1 10
1 10
3 10 10 10
4 10 10 10 10
4 10 10 10 10
1 10
3 10 10 10
2 10 10
3 10 10 10
3 10 10 10
3 10 10 10
4 10 10 10 10
5 10 10 10 10 10
25
5 10 10 10 10 10
2 10 10
1 10
1 10
3 10 10 10
4 10 10 10 10
4 10 10 10 10
1 10
3 10 10 10
2 10 10
3 10 10 10
3 10 10 10
3 10 10 10
4 10 10 10 10
5 10 10 10 10 10
26
5 10 10 10 10 10
2 10 10
1 10
1 10
3 10 10 10
4 10 10 10 10
4 10 10 10 10
1 10
3 10 10 10
2 10 10
3 10 10 10
3 10 10 10
3 10 10 10
4 10 10 10 10
5 10 10 10 10 10
27
5 10 10 10 10 10
2 10 10
1 10
1 10
3 10 10 10
4 10 10 10 10
4 10 10 10 10
1 10
3 10 10 10
2 10 10
3 10 10 10
3 10 10 10
3 10 10 10
4 10 10 10 10
5 10 10 10 10 10
28
5 10 10 10 10 10
2 10 10
1 10
1 10
3 10 10 10
4 10 10 10 10
4 10 10 10 10
1 10
3 10 10 10
2 10 10
3 10 10 10
3 10 10 10
3 10 10 10
4 10 10 10 10
5 10 10 10 10 10
29
5 10 10 10 10 10
2 10 10
1 10
1 10
3 10 10 10
4 10 10 10 10
4 10 10 10 10
1 10
3 10 10 10
2 10 10
3 10 10 10
3 10 10 10
3 10 10 10
4 10 10 10 10
5 10 10 10 10 10
30
5 10 10 10 10 10
2 10 10
1 10
1 10
3 10 10 10
4 10 10 10 10
4 10 10 10 10
1 10
3 10 10 10
2 10 10
3 10 10 10
3 10 10 10
3 10 10 10
4 10 10 10 10
5 10 10 10 10 10
5 5 5 
10 10 10 10 10 10 10 10 10 10 10 10 10 10 10 
660 480 540 660 540 810 510 810 870 600 810 900 600 480 510 
850 550 570 690 650 960 660 840 980 670 920 1010 710 630 700 
420 420 420 
1080 1080 1080 
