p-R101-P1C8-I3-V1.txt
1
8
10
0.5
90
10 1 2 3 4 5 6 7 8 9 10
5 1 2 3 4 5
2 1 2
1 1
2 1 2
5 1 2 3 4 5
5 1 2 3 4 5
3 1 2 3
2 1 2
41 60 64 30 22 64 67 42 
41 
60 
64 
30 
22 
64 
67 
42 
1
5 10 10 10 10 10
2 10 10
1 10
2 10 10
5 10 10 10 10 10
5 10 10 10 10 10
3 10 10 10
2 10 10
2
5 10 10 10 10 10
2 10 10
1 10
2 10 10
5 10 10 10 10 10
5 10 10 10 10 10
3 10 10 10
2 10 10
3
5 10 10 10 10 10
2 10 10
1 10
2 10 10
5 10 10 10 10 10
5 10 10 10 10 10
3 10 10 10
2 10 10
4
5 10 10 10 10 10
2 10 10
1 10
2 10 10
5 10 10 10 10 10
5 10 10 10 10 10
3 10 10 10
2 10 10
5
5 10 10 10 10 10
2 10 10
1 10
2 10 10
5 10 10 10 10 10
5 10 10 10 10 10
3 10 10 10
2 10 10
6
5 10 10 10 10 10
2 10 10
1 10
2 10 10
5 10 10 10 10 10
5 10 10 10 10 10
3 10 10 10
2 10 10
7
5 10 10 10 10 10
2 10 10
1 10
2 10 10
5 10 10 10 10 10
5 10 10 10 10 10
3 10 10 10
2 10 10
8
5 10 10 10 10 10
2 10 10
1 10
2 10 10
5 10 10 10 10 10
5 10 10 10 10 10
3 10 10 10
2 10 10
9
5 10 10 10 10 10
2 10 10
1 10
2 10 10
5 10 10 10 10 10
5 10 10 10 10 10
3 10 10 10
2 10 10
10
5 10 10 10 10 10
2 10 10
1 10
2 10 10
5 10 10 10 10 10
5 10 10 10 10 10
3 10 10 10
2 10 10
5 
10 10 10 10 10 10 10 10 
660 900 990 570 570 480 540 510 
800 950 1010 620 710 620 620 560 
420 
1080 
