p-R101-P3C15-I2-V3.txt
3
15
30
0.5
90
10 1 2 3 4 5 6 7 8 9 10
10 11 12 13 14 15 16 17 18 19 20
10 21 22 23 24 25 26 27 28 29 30
4 1 2 3 4
4 1 2 3 4
4 1 2 3 4
5 1 2 3 4 5
1 1
4 1 2 3 4
1 1
4 1 2 3 4
4 1 2 3 4
1 1
3 1 2 3
3 1 2 3
1 1
5 1 2 3 4 5
1 1
60 64 52 50 67 41 30 31 36 64 44 72 22 53 60 
106 125 82 31 98 92 32 70 90 60 44 121 85 110 72 
90 86 81 64 42 70 33 60 31 86 22 60 44 50 30 
60 106 90 
64 125 86 
52 82 81 
50 31 64 
67 98 42 
41 92 70 
30 32 33 
31 70 60 
36 90 31 
64 60 86 
44 44 22 
72 121 60 
22 85 44 
53 110 50 
60 72 30 
1
4 10 10 10 10
4 10 10 10 10
4 10 10 10 10
5 10 10 10 10 10
1 10
4 10 10 10 10
1 10
4 10 10 10 10
4 10 10 10 10
1 10
3 10 10 10
3 10 10 10
1 10
5 10 10 10 10 10
1 10
2
4 10 10 10 10
4 10 10 10 10
4 10 10 10 10
5 10 10 10 10 10
1 10
4 10 10 10 10
1 10
4 10 10 10 10
4 10 10 10 10
1 10
3 10 10 10
3 10 10 10
1 10
5 10 10 10 10 10
1 10
3
4 10 10 10 10
4 10 10 10 10
4 10 10 10 10
5 10 10 10 10 10
1 10
4 10 10 10 10
1 10
4 10 10 10 10
4 10 10 10 10
1 10
3 10 10 10
3 10 10 10
1 10
5 10 10 10 10 10
1 10
4
4 10 10 10 10
4 10 10 10 10
4 10 10 10 10
5 10 10 10 10 10
1 10
4 10 10 10 10
1 10
4 10 10 10 10
4 10 10 10 10
1 10
3 10 10 10
3 10 10 10
1 10
5 10 10 10 10 10
1 10
5
4 10 10 10 10
4 10 10 10 10
4 10 10 10 10
5 10 10 10 10 10
1 10
4 10 10 10 10
1 10
4 10 10 10 10
4 10 10 10 10
1 10
3 10 10 10
3 10 10 10
1 10
5 10 10 10 10 10
1 10
6
4 10 10 10 10
4 10 10 10 10
4 10 10 10 10
5 10 10 10 10 10
1 10
4 10 10 10 10
1 10
4 10 10 10 10
4 10 10 10 10
1 10
3 10 10 10
3 10 10 10
1 10
5 10 10 10 10 10
1 10
7
4 10 10 10 10
4 10 10 10 10
4 10 10 10 10
5 10 10 10 10 10
1 10
4 10 10 10 10
1 10
4 10 10 10 10
4 10 10 10 10
1 10
3 10 10 10
3 10 10 10
1 10
5 10 10 10 10 10
1 10
8
4 10 10 10 10
4 10 10 10 10
4 10 10 10 10
5 10 10 10 10 10
1 10
4 10 10 10 10
1 10
4 10 10 10 10
4 10 10 10 10
1 10
3 10 10 10
3 10 10 10
1 10
5 10 10 10 10 10
1 10
9
4 10 10 10 10
4 10 10 10 10
4 10 10 10 10
5 10 10 10 10 10
1 10
4 10 10 10 10
1 10
4 10 10 10 10
4 10 10 10 10
1 10
3 10 10 10
3 10 10 10
1 10
5 10 10 10 10 10
1 10
10
4 10 10 10 10
4 10 10 10 10
4 10 10 10 10
5 10 10 10 10 10
1 10
4 10 10 10 10
1 10
4 10 10 10 10
4 10 10 10 10
1 10
3 10 10 10
3 10 10 10
1 10
5 10 10 10 10 10
1 10
11
4 10 10 10 10
4 10 10 10 10
4 10 10 10 10
5 10 10 10 10 10
1 10
4 10 10 10 10
1 10
4 10 10 10 10
4 10 10 10 10
1 10
3 10 10 10
3 10 10 10
1 10
5 10 10 10 10 10
1 10
12
4 10 10 10 10
4 10 10 10 10
4 10 10 10 10
5 10 10 10 10 10
1 10
4 10 10 10 10
1 10
4 10 10 10 10
4 10 10 10 10
1 10
3 10 10 10
3 10 10 10
1 10
5 10 10 10 10 10
1 10
13
4 10 10 10 10
4 10 10 10 10
4 10 10 10 10
5 10 10 10 10 10
1 10
4 10 10 10 10
1 10
4 10 10 10 10
4 10 10 10 10
1 10
3 10 10 10
3 10 10 10
1 10
5 10 10 10 10 10
1 10
14
4 10 10 10 10
4 10 10 10 10
4 10 10 10 10
5 10 10 10 10 10
1 10
4 10 10 10 10
1 10
4 10 10 10 10
4 10 10 10 10
1 10
3 10 10 10
3 10 10 10
1 10
5 10 10 10 10 10
1 10
15
4 10 10 10 10
4 10 10 10 10
4 10 10 10 10
5 10 10 10 10 10
1 10
4 10 10 10 10
1 10
4 10 10 10 10
4 10 10 10 10
1 10
3 10 10 10
3 10 10 10
1 10
5 10 10 10 10 10
1 10
16
4 10 10 10 10
4 10 10 10 10
4 10 10 10 10
5 10 10 10 10 10
1 10
4 10 10 10 10
1 10
4 10 10 10 10
4 10 10 10 10
1 10
3 10 10 10
3 10 10 10
1 10
5 10 10 10 10 10
1 10
17
4 10 10 10 10
4 10 10 10 10
4 10 10 10 10
5 10 10 10 10 10
1 10
4 10 10 10 10
1 10
4 10 10 10 10
4 10 10 10 10
1 10
3 10 10 10
3 10 10 10
1 10
5 10 10 10 10 10
1 10
18
4 10 10 10 10
4 10 10 10 10
4 10 10 10 10
5 10 10 10 10 10
1 10
4 10 10 10 10
1 10
4 10 10 10 10
4 10 10 10 10
1 10
3 10 10 10
3 10 10 10
1 10
5 10 10 10 10 10
1 10
19
4 10 10 10 10
4 10 10 10 10
4 10 10 10 10
5 10 10 10 10 10
1 10
4 10 10 10 10
1 10
4 10 10 10 10
4 10 10 10 10
1 10
3 10 10 10
3 10 10 10
1 10
5 10 10 10 10 10
1 10
20
4 10 10 10 10
4 10 10 10 10
4 10 10 10 10
5 10 10 10 10 10
1 10
4 10 10 10 10
1 10
4 10 10 10 10
4 10 10 10 10
1 10
3 10 10 10
3 10 10 10
1 10
5 10 10 10 10 10
1 10
21
4 10 10 10 10
4 10 10 10 10
4 10 10 10 10
5 10 10 10 10 10
1 10
4 10 10 10 10
1 10
4 10 10 10 10
4 10 10 10 10
1 10
3 10 10 10
3 10 10 10
1 10
5 10 10 10 10 10
1 10
22
4 10 10 10 10
4 10 10 10 10
4 10 10 10 10
5 10 10 10 10 10
1 10
4 10 10 10 10
1 10
4 10 10 10 10
4 10 10 10 10
1 10
3 10 10 10
3 10 10 10
1 10
5 10 10 10 10 10
1 10
23
4 10 10 10 10
4 10 10 10 10
4 10 10 10 10
5 10 10 10 10 10
1 10
4 10 10 10 10
1 10
4 10 10 10 10
4 10 10 10 10
1 10
3 10 10 10
3 10 10 10
1 10
5 10 10 10 10 10
1 10
24
4 10 10 10 10
4 10 10 10 10
4 10 10 10 10
5 10 10 10 10 10
1 10
4 10 10 10 10
1 10
4 10 10 10 10
4 10 10 10 10
1 10
3 10 10 10
3 10 10 10
1 10
5 10 10 10 10 10
1 10
25
4 10 10 10 10
4 10 10 10 10
4 10 10 10 10
5 10 10 10 10 10
1 10
4 10 10 10 10
1 10
4 10 10 10 10
4 10 10 10 10
1 10
3 10 10 10
3 10 10 10
1 10
5 10 10 10 10 10
1 10
26
4 10 10 10 10
4 10 10 10 10
4 10 10 10 10
5 10 10 10 10 10
1 10
4 10 10 10 10
1 10
4 10 10 10 10
4 10 10 10 10
1 10
3 10 10 10
3 10 10 10
1 10
5 10 10 10 10 10
1 10
27
4 10 10 10 10
4 10 10 10 10
4 10 10 10 10
5 10 10 10 10 10
1 10
4 10 10 10 10
1 10
4 10 10 10 10
4 10 10 10 10
1 10
3 10 10 10
3 10 10 10
1 10
5 10 10 10 10 10
1 10
28
4 10 10 10 10
4 10 10 10 10
4 10 10 10 10
5 10 10 10 10 10
1 10
4 10 10 10 10
1 10
4 10 10 10 10
4 10 10 10 10
1 10
3 10 10 10
3 10 10 10
1 10
5 10 10 10 10 10
1 10
29
4 10 10 10 10
4 10 10 10 10
4 10 10 10 10
5 10 10 10 10 10
1 10
4 10 10 10 10
1 10
4 10 10 10 10
4 10 10 10 10
1 10
3 10 10 10
3 10 10 10
1 10
5 10 10 10 10 10
1 10
30
4 10 10 10 10
4 10 10 10 10
4 10 10 10 10
5 10 10 10 10 10
1 10
4 10 10 10 10
1 10
4 10 10 10 10
4 10 10 10 10
1 10
3 10 10 10
3 10 10 10
1 10
5 10 10 10 10 10
1 10
5 5 5 
10 10 10 10 10 10 10 10 10 10 10 10 10 10 10 
630 480 900 600 840 570 660 630 600 480 810 660 900 810 600 
700 550 970 690 850 640 670 700 670 490 860 710 910 900 610 
420 420 420 
1080 1080 1080 
