p-R101-P1C5-I4-V3.txt
1
5
10
0.5
90
10 1 2 3 4 5 6 7 8 9 10
1 1
4 1 2 3 4
3 1 2 3
3 1 2 3
2 1 2
42 64 30 67 50 
42 
64 
30 
67 
50 
1
1 10
4 10 10 10 10
3 10 10 10
3 10 10 10
2 10 10
2
1 10
4 10 10 10 10
3 10 10 10
3 10 10 10
2 10 10
3
1 10
4 10 10 10 10
3 10 10 10
3 10 10 10
2 10 10
4
1 10
4 10 10 10 10
3 10 10 10
3 10 10 10
2 10 10
5
1 10
4 10 10 10 10
3 10 10 10
3 10 10 10
2 10 10
6
1 10
4 10 10 10 10
3 10 10 10
3 10 10 10
2 10 10
7
1 10
4 10 10 10 10
3 10 10 10
3 10 10 10
2 10 10
8
1 10
4 10 10 10 10
3 10 10 10
3 10 10 10
2 10 10
9
1 10
4 10 10 10 10
3 10 10 10
3 10 10 10
2 10 10
10
1 10
4 10 10 10 10
3 10 10 10
3 10 10 10
2 10 10
5 
10 10 10 10 10 
510 510 480 600 540 
540 660 590 710 610 
420 
1080 
