p-R101-P2C10-I3-V2.txt
2
10
20
0.5
90
10 1 2 3 4 5 6 7 8 9 10
10 11 12 13 14 15 16 17 18 19 20
3 1 2 3
4 1 2 3 4
3 1 2 3
1 1
2 1 2
4 1 2 3 4
3 1 2 3
4 1 2 3 4
1 1
1 1
42 22 64 64 36 22 58 50 60 31 
114 64 80 136 46 78 94 120 111 98 
42 114 
22 64 
64 80 
64 136 
36 46 
22 78 
58 94 
50 120 
60 111 
31 98 
1
3 10 10 10
4 10 10 10 10
3 10 10 10
1 10
2 10 10
4 10 10 10 10
3 10 10 10
4 10 10 10 10
1 10
1 10
2
3 10 10 10
4 10 10 10 10
3 10 10 10
1 10
2 10 10
4 10 10 10 10
3 10 10 10
4 10 10 10 10
1 10
1 10
3
3 10 10 10
4 10 10 10 10
3 10 10 10
1 10
2 10 10
4 10 10 10 10
3 10 10 10
4 10 10 10 10
1 10
1 10
4
3 10 10 10
4 10 10 10 10
3 10 10 10
1 10
2 10 10
4 10 10 10 10
3 10 10 10
4 10 10 10 10
1 10
1 10
5
3 10 10 10
4 10 10 10 10
3 10 10 10
1 10
2 10 10
4 10 10 10 10
3 10 10 10
4 10 10 10 10
1 10
1 10
6
3 10 10 10
4 10 10 10 10
3 10 10 10
1 10
2 10 10
4 10 10 10 10
3 10 10 10
4 10 10 10 10
1 10
1 10
7
3 10 10 10
4 10 10 10 10
3 10 10 10
1 10
2 10 10
4 10 10 10 10
3 10 10 10
4 10 10 10 10
1 10
1 10
8
3 10 10 10
4 10 10 10 10
3 10 10 10
1 10
2 10 10
4 10 10 10 10
3 10 10 10
4 10 10 10 10
1 10
1 10
9
3 10 10 10
4 10 10 10 10
3 10 10 10
1 10
2 10 10
4 10 10 10 10
3 10 10 10
4 10 10 10 10
1 10
1 10
10
3 10 10 10
4 10 10 10 10
3 10 10 10
1 10
2 10 10
4 10 10 10 10
3 10 10 10
4 10 10 10 10
1 10
1 10
11
3 10 10 10
4 10 10 10 10
3 10 10 10
1 10
2 10 10
4 10 10 10 10
3 10 10 10
4 10 10 10 10
1 10
1 10
12
3 10 10 10
4 10 10 10 10
3 10 10 10
1 10
2 10 10
4 10 10 10 10
3 10 10 10
4 10 10 10 10
1 10
1 10
13
3 10 10 10
4 10 10 10 10
3 10 10 10
1 10
2 10 10
4 10 10 10 10
3 10 10 10
4 10 10 10 10
1 10
1 10
14
3 10 10 10
4 10 10 10 10
3 10 10 10
1 10
2 10 10
4 10 10 10 10
3 10 10 10
4 10 10 10 10
1 10
1 10
15
3 10 10 10
4 10 10 10 10
3 10 10 10
1 10
2 10 10
4 10 10 10 10
3 10 10 10
4 10 10 10 10
1 10
1 10
16
3 10 10 10
4 10 10 10 10
3 10 10 10
1 10
2 10 10
4 10 10 10 10
3 10 10 10
4 10 10 10 10
1 10
1 10
17
3 10 10 10
4 10 10 10 10
3 10 10 10
1 10
2 10 10
4 10 10 10 10
3 10 10 10
4 10 10 10 10
1 10
1 10
18
3 10 10 10
4 10 10 10 10
3 10 10 10
1 10
2 10 10
4 10 10 10 10
3 10 10 10
4 10 10 10 10
1 10
1 10
19
3 10 10 10
4 10 10 10 10
3 10 10 10
1 10
2 10 10
4 10 10 10 10
3 10 10 10
4 10 10 10 10
1 10
1 10
20
3 10 10 10
4 10 10 10 10
3 10 10 10
1 10
2 10 10
4 10 10 10 10
3 10 10 10
4 10 10 10 10
1 10
1 10
5 5 
10 10 10 10 10 10 10 10 10 10 
480 600 510 600 900 600 630 510 660 930 
560 710 590 620 950 710 710 620 680 950 
420 420 
1080 1080 
