p-R101-P2C15-I2-V3.txt
2
15
20
0.5
90
10 1 2 3 4 5 6 7 8 9 10
10 11 12 13 14 15 16 17 18 19 20
5 1 2 3 4 5
4 1 2 3 4
4 1 2 3 4
1 1
2 1 2
2 1 2
5 1 2 3 4 5
3 1 2 3
1 1
1 1
4 1 2 3 4
3 1 2 3
5 1 2 3 4 5
1 1
4 1 2 3 4
60 63 36 30 44 64 53 22 31 42 41 60 64 72 52 
86 31 86 64 58 104 104 70 44 28 67 110 30 120 52 
60 86 
63 31 
36 86 
30 64 
44 58 
64 104 
53 104 
22 70 
31 44 
42 28 
41 67 
60 110 
64 30 
72 120 
52 52 
1
5 10 10 10 10 10
4 10 10 10 10
4 10 10 10 10
1 10
2 10 10
2 10 10
5 10 10 10 10 10
3 10 10 10
1 10
1 10
4 10 10 10 10
3 10 10 10
5 10 10 10 10 10
1 10
4 10 10 10 10
2
5 10 10 10 10 10
4 10 10 10 10
4 10 10 10 10
1 10
2 10 10
2 10 10
5 10 10 10 10 10
3 10 10 10
1 10
1 10
4 10 10 10 10
3 10 10 10
5 10 10 10 10 10
1 10
4 10 10 10 10
3
5 10 10 10 10 10
4 10 10 10 10
4 10 10 10 10
1 10
2 10 10
2 10 10
5 10 10 10 10 10
3 10 10 10
1 10
1 10
4 10 10 10 10
3 10 10 10
5 10 10 10 10 10
1 10
4 10 10 10 10
4
5 10 10 10 10 10
4 10 10 10 10
4 10 10 10 10
1 10
2 10 10
2 10 10
5 10 10 10 10 10
3 10 10 10
1 10
1 10
4 10 10 10 10
3 10 10 10
5 10 10 10 10 10
1 10
4 10 10 10 10
5
5 10 10 10 10 10
4 10 10 10 10
4 10 10 10 10
1 10
2 10 10
2 10 10
5 10 10 10 10 10
3 10 10 10
1 10
1 10
4 10 10 10 10
3 10 10 10
5 10 10 10 10 10
1 10
4 10 10 10 10
6
5 10 10 10 10 10
4 10 10 10 10
4 10 10 10 10
1 10
2 10 10
2 10 10
5 10 10 10 10 10
3 10 10 10
1 10
1 10
4 10 10 10 10
3 10 10 10
5 10 10 10 10 10
1 10
4 10 10 10 10
7
5 10 10 10 10 10
4 10 10 10 10
4 10 10 10 10
1 10
2 10 10
2 10 10
5 10 10 10 10 10
3 10 10 10
1 10
1 10
4 10 10 10 10
3 10 10 10
5 10 10 10 10 10
1 10
4 10 10 10 10
8
5 10 10 10 10 10
4 10 10 10 10
4 10 10 10 10
1 10
2 10 10
2 10 10
5 10 10 10 10 10
3 10 10 10
1 10
1 10
4 10 10 10 10
3 10 10 10
5 10 10 10 10 10
1 10
4 10 10 10 10
9
5 10 10 10 10 10
4 10 10 10 10
4 10 10 10 10
1 10
2 10 10
2 10 10
5 10 10 10 10 10
3 10 10 10
1 10
1 10
4 10 10 10 10
3 10 10 10
5 10 10 10 10 10
1 10
4 10 10 10 10
10
5 10 10 10 10 10
4 10 10 10 10
4 10 10 10 10
1 10
2 10 10
2 10 10
5 10 10 10 10 10
3 10 10 10
1 10
1 10
4 10 10 10 10
3 10 10 10
5 10 10 10 10 10
1 10
4 10 10 10 10
11
5 10 10 10 10 10
4 10 10 10 10
4 10 10 10 10
1 10
2 10 10
2 10 10
5 10 10 10 10 10
3 10 10 10
1 10
1 10
4 10 10 10 10
3 10 10 10
5 10 10 10 10 10
1 10
4 10 10 10 10
12
5 10 10 10 10 10
4 10 10 10 10
4 10 10 10 10
1 10
2 10 10
2 10 10
5 10 10 10 10 10
3 10 10 10
1 10
1 10
4 10 10 10 10
3 10 10 10
5 10 10 10 10 10
1 10
4 10 10 10 10
13
5 10 10 10 10 10
4 10 10 10 10
4 10 10 10 10
1 10
2 10 10
2 10 10
5 10 10 10 10 10
3 10 10 10
1 10
1 10
4 10 10 10 10
3 10 10 10
5 10 10 10 10 10
1 10
4 10 10 10 10
14
5 10 10 10 10 10
4 10 10 10 10
4 10 10 10 10
1 10
2 10 10
2 10 10
5 10 10 10 10 10
3 10 10 10
1 10
1 10
4 10 10 10 10
3 10 10 10
5 10 10 10 10 10
1 10
4 10 10 10 10
15
5 10 10 10 10 10
4 10 10 10 10
4 10 10 10 10
1 10
2 10 10
2 10 10
5 10 10 10 10 10
3 10 10 10
1 10
1 10
4 10 10 10 10
3 10 10 10
5 10 10 10 10 10
1 10
4 10 10 10 10
16
5 10 10 10 10 10
4 10 10 10 10
4 10 10 10 10
1 10
2 10 10
2 10 10
5 10 10 10 10 10
3 10 10 10
1 10
1 10
4 10 10 10 10
3 10 10 10
5 10 10 10 10 10
1 10
4 10 10 10 10
17
5 10 10 10 10 10
4 10 10 10 10
4 10 10 10 10
1 10
2 10 10
2 10 10
5 10 10 10 10 10
3 10 10 10
1 10
1 10
4 10 10 10 10
3 10 10 10
5 10 10 10 10 10
1 10
4 10 10 10 10
18
5 10 10 10 10 10
4 10 10 10 10
4 10 10 10 10
1 10
2 10 10
2 10 10
5 10 10 10 10 10
3 10 10 10
1 10
1 10
4 10 10 10 10
3 10 10 10
5 10 10 10 10 10
1 10
4 10 10 10 10
19
5 10 10 10 10 10
4 10 10 10 10
4 10 10 10 10
1 10
2 10 10
2 10 10
5 10 10 10 10 10
3 10 10 10
1 10
1 10
4 10 10 10 10
3 10 10 10
5 10 10 10 10 10
1 10
4 10 10 10 10
20
5 10 10 10 10 10
4 10 10 10 10
4 10 10 10 10
1 10
2 10 10
2 10 10
5 10 10 10 10 10
3 10 10 10
1 10
1 10
4 10 10 10 10
3 10 10 10
5 10 10 10 10 10
1 10
4 10 10 10 10
5 5 
10 10 10 10 10 10 10 10 10 10 10 10 10 10 10 
840 810 900 690 870 960 630 540 570 960 870 630 600 570 930 
930 880 970 700 900 990 720 590 580 970 940 680 690 580 1000 
420 420 
1080 1080 
