p-R101-P2C10-I4-V3.txt
2
10
20
0.5
90
10 1 2 3 4 5 6 7 8 9 10
10 11 12 13 14 15 16 17 18 19 20
5 1 2 3 4 5
3 1 2 3
5 1 2 3 4 5
2 1 2
1 1
1 1
4 1 2 3 4
1 1
1 1
5 1 2 3 4 5
42 64 41 44 30 53 30 50 64 67 
30 14 70 80 84 120 52 22 110 127 
42 30 
64 14 
41 70 
44 80 
30 84 
53 120 
30 52 
50 22 
64 110 
67 127 
1
5 10 10 10 10 10
3 10 10 10
5 10 10 10 10 10
2 10 10
1 10
1 10
4 10 10 10 10
1 10
1 10
5 10 10 10 10 10
2
5 10 10 10 10 10
3 10 10 10
5 10 10 10 10 10
2 10 10
1 10
1 10
4 10 10 10 10
1 10
1 10
5 10 10 10 10 10
3
5 10 10 10 10 10
3 10 10 10
5 10 10 10 10 10
2 10 10
1 10
1 10
4 10 10 10 10
1 10
1 10
5 10 10 10 10 10
4
5 10 10 10 10 10
3 10 10 10
5 10 10 10 10 10
2 10 10
1 10
1 10
4 10 10 10 10
1 10
1 10
5 10 10 10 10 10
5
5 10 10 10 10 10
3 10 10 10
5 10 10 10 10 10
2 10 10
1 10
1 10
4 10 10 10 10
1 10
1 10
5 10 10 10 10 10
6
5 10 10 10 10 10
3 10 10 10
5 10 10 10 10 10
2 10 10
1 10
1 10
4 10 10 10 10
1 10
1 10
5 10 10 10 10 10
7
5 10 10 10 10 10
3 10 10 10
5 10 10 10 10 10
2 10 10
1 10
1 10
4 10 10 10 10
1 10
1 10
5 10 10 10 10 10
8
5 10 10 10 10 10
3 10 10 10
5 10 10 10 10 10
2 10 10
1 10
1 10
4 10 10 10 10
1 10
1 10
5 10 10 10 10 10
9
5 10 10 10 10 10
3 10 10 10
5 10 10 10 10 10
2 10 10
1 10
1 10
4 10 10 10 10
1 10
1 10
5 10 10 10 10 10
10
5 10 10 10 10 10
3 10 10 10
5 10 10 10 10 10
2 10 10
1 10
1 10
4 10 10 10 10
1 10
1 10
5 10 10 10 10 10
11
5 10 10 10 10 10
3 10 10 10
5 10 10 10 10 10
2 10 10
1 10
1 10
4 10 10 10 10
1 10
1 10
5 10 10 10 10 10
12
5 10 10 10 10 10
3 10 10 10
5 10 10 10 10 10
2 10 10
1 10
1 10
4 10 10 10 10
1 10
1 10
5 10 10 10 10 10
13
5 10 10 10 10 10
3 10 10 10
5 10 10 10 10 10
2 10 10
1 10
1 10
4 10 10 10 10
1 10
1 10
5 10 10 10 10 10
14
5 10 10 10 10 10
3 10 10 10
5 10 10 10 10 10
2 10 10
1 10
1 10
4 10 10 10 10
1 10
1 10
5 10 10 10 10 10
15
5 10 10 10 10 10
3 10 10 10
5 10 10 10 10 10
2 10 10
1 10
1 10
4 10 10 10 10
1 10
1 10
5 10 10 10 10 10
16
5 10 10 10 10 10
3 10 10 10
5 10 10 10 10 10
2 10 10
1 10
1 10
4 10 10 10 10
1 10
1 10
5 10 10 10 10 10
17
5 10 10 10 10 10
3 10 10 10
5 10 10 10 10 10
2 10 10
1 10
1 10
4 10 10 10 10
1 10
1 10
5 10 10 10 10 10
18
5 10 10 10 10 10
3 10 10 10
5 10 10 10 10 10
2 10 10
1 10
1 10
4 10 10 10 10
1 10
1 10
5 10 10 10 10 10
19
5 10 10 10 10 10
3 10 10 10
5 10 10 10 10 10
2 10 10
1 10
1 10
4 10 10 10 10
1 10
1 10
5 10 10 10 10 10
20
5 10 10 10 10 10
3 10 10 10
5 10 10 10 10 10
2 10 10
1 10
1 10
4 10 10 10 10
1 10
1 10
5 10 10 10 10 10
5 5 
10 10 10 10 10 10 10 10 10 10 
480 540 510 570 600 960 480 570 930 480 
670 650 700 640 630 990 630 600 960 670 
420 420 
1080 1080 
