p-R101-P1C5-I2-V2.txt
1
5
10
0.5
90
10 1 2 3 4 5 6 7 8 9 10
4 1 2 3 4
3 1 2 3
2 1 2
2 1 2
3 1 2 3
60 30 22 44 36 
60 
30 
22 
44 
36 
1
4 10 10 10 10
3 10 10 10
2 10 10
2 10 10
3 10 10 10
2
4 10 10 10 10
3 10 10 10
2 10 10
2 10 10
3 10 10 10
3
4 10 10 10 10
3 10 10 10
2 10 10
2 10 10
3 10 10 10
4
4 10 10 10 10
3 10 10 10
2 10 10
2 10 10
3 10 10 10
5
4 10 10 10 10
3 10 10 10
2 10 10
2 10 10
3 10 10 10
6
4 10 10 10 10
3 10 10 10
2 10 10
2 10 10
3 10 10 10
7
4 10 10 10 10
3 10 10 10
2 10 10
2 10 10
3 10 10 10
8
4 10 10 10 10
3 10 10 10
2 10 10
2 10 10
3 10 10 10
9
4 10 10 10 10
3 10 10 10
2 10 10
2 10 10
3 10 10 10
10
4 10 10 10 10
3 10 10 10
2 10 10
2 10 10
3 10 10 10
5 
10 10 10 10 10 
510 600 480 960 600 
580 650 510 990 650 
420 
1080 
