p-R101-P2C10-I2-V1.txt
2
10
20
0.5
90
10 1 2 3 4 5 6 7 8 9 10
10 11 12 13 14 15 16 17 18 19 20
1 1
5 1 2 3 4 5
3 1 2 3
3 1 2 3
4 1 2 3 4
5 1 2 3 4 5
3 1 2 3
2 1 2
2 1 2
3 1 2 3
30 67 64 53 36 22 31 42 60 67 
55 30 111 64 69 72 90 94 92 108 
30 55 
67 30 
64 111 
53 64 
36 69 
22 72 
31 90 
42 94 
60 92 
67 108 
1
1 10
5 10 10 10 10 10
3 10 10 10
3 10 10 10
4 10 10 10 10
5 10 10 10 10 10
3 10 10 10
2 10 10
2 10 10
3 10 10 10
2
1 10
5 10 10 10 10 10
3 10 10 10
3 10 10 10
4 10 10 10 10
5 10 10 10 10 10
3 10 10 10
2 10 10
2 10 10
3 10 10 10
3
1 10
5 10 10 10 10 10
3 10 10 10
3 10 10 10
4 10 10 10 10
5 10 10 10 10 10
3 10 10 10
2 10 10
2 10 10
3 10 10 10
4
1 10
5 10 10 10 10 10
3 10 10 10
3 10 10 10
4 10 10 10 10
5 10 10 10 10 10
3 10 10 10
2 10 10
2 10 10
3 10 10 10
5
1 10
5 10 10 10 10 10
3 10 10 10
3 10 10 10
4 10 10 10 10
5 10 10 10 10 10
3 10 10 10
2 10 10
2 10 10
3 10 10 10
6
1 10
5 10 10 10 10 10
3 10 10 10
3 10 10 10
4 10 10 10 10
5 10 10 10 10 10
3 10 10 10
2 10 10
2 10 10
3 10 10 10
7
1 10
5 10 10 10 10 10
3 10 10 10
3 10 10 10
4 10 10 10 10
5 10 10 10 10 10
3 10 10 10
2 10 10
2 10 10
3 10 10 10
8
1 10
5 10 10 10 10 10
3 10 10 10
3 10 10 10
4 10 10 10 10
5 10 10 10 10 10
3 10 10 10
2 10 10
2 10 10
3 10 10 10
9
1 10
5 10 10 10 10 10
3 10 10 10
3 10 10 10
4 10 10 10 10
5 10 10 10 10 10
3 10 10 10
2 10 10
2 10 10
3 10 10 10
10
1 10
5 10 10 10 10 10
3 10 10 10
3 10 10 10
4 10 10 10 10
5 10 10 10 10 10
3 10 10 10
2 10 10
2 10 10
3 10 10 10
11
1 10
5 10 10 10 10 10
3 10 10 10
3 10 10 10
4 10 10 10 10
5 10 10 10 10 10
3 10 10 10
2 10 10
2 10 10
3 10 10 10
12
1 10
5 10 10 10 10 10
3 10 10 10
3 10 10 10
4 10 10 10 10
5 10 10 10 10 10
3 10 10 10
2 10 10
2 10 10
3 10 10 10
13
1 10
5 10 10 10 10 10
3 10 10 10
3 10 10 10
4 10 10 10 10
5 10 10 10 10 10
3 10 10 10
2 10 10
2 10 10
3 10 10 10
14
1 10
5 10 10 10 10 10
3 10 10 10
3 10 10 10
4 10 10 10 10
5 10 10 10 10 10
3 10 10 10
2 10 10
2 10 10
3 10 10 10
15
1 10
5 10 10 10 10 10
3 10 10 10
3 10 10 10
4 10 10 10 10
5 10 10 10 10 10
3 10 10 10
2 10 10
2 10 10
3 10 10 10
16
1 10
5 10 10 10 10 10
3 10 10 10
3 10 10 10
4 10 10 10 10
5 10 10 10 10 10
3 10 10 10
2 10 10
2 10 10
3 10 10 10
17
1 10
5 10 10 10 10 10
3 10 10 10
3 10 10 10
4 10 10 10 10
5 10 10 10 10 10
3 10 10 10
2 10 10
2 10 10
3 10 10 10
18
1 10
5 10 10 10 10 10
3 10 10 10
3 10 10 10
4 10 10 10 10
5 10 10 10 10 10
3 10 10 10
2 10 10
2 10 10
3 10 10 10
19
1 10
5 10 10 10 10 10
3 10 10 10
3 10 10 10
4 10 10 10 10
5 10 10 10 10 10
3 10 10 10
2 10 10
2 10 10
3 10 10 10
20
1 10
5 10 10 10 10 10
3 10 10 10
3 10 10 10
4 10 10 10 10
5 10 10 10 10 10
3 10 10 10
2 10 10
2 10 10
3 10 10 10
5 5 
10 10 10 10 10 10 10 10 10 10 
480 540 960 510 930 480 960 840 900 900 
490 630 1010 560 1000 570 1010 870 930 950 
420 420 
1080 1080 
