p-R101-P1C8-I2-V1.txt
1
8
10
0.5
90
10 1 2 3 4 5 6 7 8 9 10
5 1 2 3 4 5
3 1 2 3
4 1 2 3 4
5 1 2 3 4 5
4 1 2 3 4
1 1
5 1 2 3 4 5
4 1 2 3 4
72 30 31 30 36 58 50 44 
72 
30 
31 
30 
36 
58 
50 
44 
1
5 10 10 10 10 10
3 10 10 10
4 10 10 10 10
5 10 10 10 10 10
4 10 10 10 10
1 10
5 10 10 10 10 10
4 10 10 10 10
2
5 10 10 10 10 10
3 10 10 10
4 10 10 10 10
5 10 10 10 10 10
4 10 10 10 10
1 10
5 10 10 10 10 10
4 10 10 10 10
3
5 10 10 10 10 10
3 10 10 10
4 10 10 10 10
5 10 10 10 10 10
4 10 10 10 10
1 10
5 10 10 10 10 10
4 10 10 10 10
4
5 10 10 10 10 10
3 10 10 10
4 10 10 10 10
5 10 10 10 10 10
4 10 10 10 10
1 10
5 10 10 10 10 10
4 10 10 10 10
5
5 10 10 10 10 10
3 10 10 10
4 10 10 10 10
5 10 10 10 10 10
4 10 10 10 10
1 10
5 10 10 10 10 10
4 10 10 10 10
6
5 10 10 10 10 10
3 10 10 10
4 10 10 10 10
5 10 10 10 10 10
4 10 10 10 10
1 10
5 10 10 10 10 10
4 10 10 10 10
7
5 10 10 10 10 10
3 10 10 10
4 10 10 10 10
5 10 10 10 10 10
4 10 10 10 10
1 10
5 10 10 10 10 10
4 10 10 10 10
8
5 10 10 10 10 10
3 10 10 10
4 10 10 10 10
5 10 10 10 10 10
4 10 10 10 10
1 10
5 10 10 10 10 10
4 10 10 10 10
9
5 10 10 10 10 10
3 10 10 10
4 10 10 10 10
5 10 10 10 10 10
4 10 10 10 10
1 10
5 10 10 10 10 10
4 10 10 10 10
10
5 10 10 10 10 10
3 10 10 10
4 10 10 10 10
5 10 10 10 10 10
4 10 10 10 10
1 10
5 10 10 10 10 10
4 10 10 10 10
5 
10 10 10 10 10 10 10 10 
540 840 900 840 810 960 480 840 
630 890 970 930 880 970 570 910 
420 
1080 
