p-R101-P2C15-I3-V1.txt
2
15
20
0.5
90
10 1 2 3 4 5 6 7 8 9 10
10 11 12 13 14 15 16 17 18 19 20
5 1 2 3 4 5
2 1 2
3 1 2 3
2 1 2
5 1 2 3 4 5
3 1 2 3
1 1
4 1 2 3 4
3 1 2 3
1 1
5 1 2 3 4 5
2 1 2
3 1 2 3
4 1 2 3 4
5 1 2 3 4 5
22 60 63 44 60 22 52 72 60 36 42 36 64 67 64 
22 72 70 70 90 36 20 98 36 54 20 64 41 98 60 
22 22 
60 72 
63 70 
44 70 
60 90 
22 36 
52 20 
72 98 
60 36 
36 54 
42 20 
36 64 
64 41 
67 98 
64 60 
1
5 10 10 10 10 10
2 10 10
3 10 10 10
2 10 10
5 10 10 10 10 10
3 10 10 10
1 10
4 10 10 10 10
3 10 10 10
1 10
5 10 10 10 10 10
2 10 10
3 10 10 10
4 10 10 10 10
5 10 10 10 10 10
2
5 10 10 10 10 10
2 10 10
3 10 10 10
2 10 10
5 10 10 10 10 10
3 10 10 10
1 10
4 10 10 10 10
3 10 10 10
1 10
5 10 10 10 10 10
2 10 10
3 10 10 10
4 10 10 10 10
5 10 10 10 10 10
3
5 10 10 10 10 10
2 10 10
3 10 10 10
2 10 10
5 10 10 10 10 10
3 10 10 10
1 10
4 10 10 10 10
3 10 10 10
1 10
5 10 10 10 10 10
2 10 10
3 10 10 10
4 10 10 10 10
5 10 10 10 10 10
4
5 10 10 10 10 10
2 10 10
3 10 10 10
2 10 10
5 10 10 10 10 10
3 10 10 10
1 10
4 10 10 10 10
3 10 10 10
1 10
5 10 10 10 10 10
2 10 10
3 10 10 10
4 10 10 10 10
5 10 10 10 10 10
5
5 10 10 10 10 10
2 10 10
3 10 10 10
2 10 10
5 10 10 10 10 10
3 10 10 10
1 10
4 10 10 10 10
3 10 10 10
1 10
5 10 10 10 10 10
2 10 10
3 10 10 10
4 10 10 10 10
5 10 10 10 10 10
6
5 10 10 10 10 10
2 10 10
3 10 10 10
2 10 10
5 10 10 10 10 10
3 10 10 10
1 10
4 10 10 10 10
3 10 10 10
1 10
5 10 10 10 10 10
2 10 10
3 10 10 10
4 10 10 10 10
5 10 10 10 10 10
7
5 10 10 10 10 10
2 10 10
3 10 10 10
2 10 10
5 10 10 10 10 10
3 10 10 10
1 10
4 10 10 10 10
3 10 10 10
1 10
5 10 10 10 10 10
2 10 10
3 10 10 10
4 10 10 10 10
5 10 10 10 10 10
8
5 10 10 10 10 10
2 10 10
3 10 10 10
2 10 10
5 10 10 10 10 10
3 10 10 10
1 10
4 10 10 10 10
3 10 10 10
1 10
5 10 10 10 10 10
2 10 10
3 10 10 10
4 10 10 10 10
5 10 10 10 10 10
9
5 10 10 10 10 10
2 10 10
3 10 10 10
2 10 10
5 10 10 10 10 10
3 10 10 10
1 10
4 10 10 10 10
3 10 10 10
1 10
5 10 10 10 10 10
2 10 10
3 10 10 10
4 10 10 10 10
5 10 10 10 10 10
10
5 10 10 10 10 10
2 10 10
3 10 10 10
2 10 10
5 10 10 10 10 10
3 10 10 10
1 10
4 10 10 10 10
3 10 10 10
1 10
5 10 10 10 10 10
2 10 10
3 10 10 10
4 10 10 10 10
5 10 10 10 10 10
11
5 10 10 10 10 10
2 10 10
3 10 10 10
2 10 10
5 10 10 10 10 10
3 10 10 10
1 10
4 10 10 10 10
3 10 10 10
1 10
5 10 10 10 10 10
2 10 10
3 10 10 10
4 10 10 10 10
5 10 10 10 10 10
12
5 10 10 10 10 10
2 10 10
3 10 10 10
2 10 10
5 10 10 10 10 10
3 10 10 10
1 10
4 10 10 10 10
3 10 10 10
1 10
5 10 10 10 10 10
2 10 10
3 10 10 10
4 10 10 10 10
5 10 10 10 10 10
13
5 10 10 10 10 10
2 10 10
3 10 10 10
2 10 10
5 10 10 10 10 10
3 10 10 10
1 10
4 10 10 10 10
3 10 10 10
1 10
5 10 10 10 10 10
2 10 10
3 10 10 10
4 10 10 10 10
5 10 10 10 10 10
14
5 10 10 10 10 10
2 10 10
3 10 10 10
2 10 10
5 10 10 10 10 10
3 10 10 10
1 10
4 10 10 10 10
3 10 10 10
1 10
5 10 10 10 10 10
2 10 10
3 10 10 10
4 10 10 10 10
5 10 10 10 10 10
15
5 10 10 10 10 10
2 10 10
3 10 10 10
2 10 10
5 10 10 10 10 10
3 10 10 10
1 10
4 10 10 10 10
3 10 10 10
1 10
5 10 10 10 10 10
2 10 10
3 10 10 10
4 10 10 10 10
5 10 10 10 10 10
16
5 10 10 10 10 10
2 10 10
3 10 10 10
2 10 10
5 10 10 10 10 10
3 10 10 10
1 10
4 10 10 10 10
3 10 10 10
1 10
5 10 10 10 10 10
2 10 10
3 10 10 10
4 10 10 10 10
5 10 10 10 10 10
17
5 10 10 10 10 10
2 10 10
3 10 10 10
2 10 10
5 10 10 10 10 10
3 10 10 10
1 10
4 10 10 10 10
3 10 10 10
1 10
5 10 10 10 10 10
2 10 10
3 10 10 10
4 10 10 10 10
5 10 10 10 10 10
18
5 10 10 10 10 10
2 10 10
3 10 10 10
2 10 10
5 10 10 10 10 10
3 10 10 10
1 10
4 10 10 10 10
3 10 10 10
1 10
5 10 10 10 10 10
2 10 10
3 10 10 10
4 10 10 10 10
5 10 10 10 10 10
19
5 10 10 10 10 10
2 10 10
3 10 10 10
2 10 10
5 10 10 10 10 10
3 10 10 10
1 10
4 10 10 10 10
3 10 10 10
1 10
5 10 10 10 10 10
2 10 10
3 10 10 10
4 10 10 10 10
5 10 10 10 10 10
20
5 10 10 10 10 10
2 10 10
3 10 10 10
2 10 10
5 10 10 10 10 10
3 10 10 10
1 10
4 10 10 10 10
3 10 10 10
1 10
5 10 10 10 10 10
2 10 10
3 10 10 10
4 10 10 10 10
5 10 10 10 10 10
5 5 
10 10 10 10 10 10 10 10 10 10 10 10 10 10 10 
510 630 870 630 510 630 930 570 510 930 660 960 600 540 480 
650 680 950 680 650 710 950 680 590 950 800 1010 680 650 620 
420 420 
1080 1080 
