p-R101-P1C5-I2-V3.txt
1
5
10
0.5
90
10 1 2 3 4 5 6 7 8 9 10
3 1 2 3
3 1 2 3
3 1 2 3
3 1 2 3
2 1 2
67 64 58 42 41 
67 
64 
58 
42 
41 
1
3 10 10 10
3 10 10 10
3 10 10 10
3 10 10 10
2 10 10
2
3 10 10 10
3 10 10 10
3 10 10 10
3 10 10 10
2 10 10
3
3 10 10 10
3 10 10 10
3 10 10 10
3 10 10 10
2 10 10
4
3 10 10 10
3 10 10 10
3 10 10 10
3 10 10 10
2 10 10
5
3 10 10 10
3 10 10 10
3 10 10 10
3 10 10 10
2 10 10
6
3 10 10 10
3 10 10 10
3 10 10 10
3 10 10 10
2 10 10
7
3 10 10 10
3 10 10 10
3 10 10 10
3 10 10 10
2 10 10
8
3 10 10 10
3 10 10 10
3 10 10 10
3 10 10 10
2 10 10
9
3 10 10 10
3 10 10 10
3 10 10 10
3 10 10 10
2 10 10
10
3 10 10 10
3 10 10 10
3 10 10 10
3 10 10 10
2 10 10
5 
10 10 10 10 10 
660 870 930 840 810 
710 920 980 890 840 
420 
1080 
