p-R101-P3C15-I4-V3.txt
3
15
30
0.5
90
10 1 2 3 4 5 6 7 8 9 10
10 11 12 13 14 15 16 17 18 19 20
10 21 22 23 24 25 26 27 28 29 30
4 1 2 3 4
3 1 2 3
4 1 2 3 4
5 1 2 3 4 5
3 1 2 3
3 1 2 3
3 1 2 3
2 1 2
2 1 2
1 1
1 1
4 1 2 3 4
3 1 2 3
4 1 2 3 4
2 1 2
36 22 64 64 36 53 30 52 60 64 67 31 44 41 50 
102 82 70 14 100 120 52 48 76 110 127 50 80 70 114 
50 72 53 111 69 64 55 111 120 111 30 90 28 100 36 
36 102 50 
22 82 72 
64 70 53 
64 14 111 
36 100 69 
53 120 64 
30 52 55 
52 48 111 
60 76 120 
64 110 111 
67 127 30 
31 50 90 
44 80 28 
41 70 100 
50 114 36 
1
4 10 10 10 10
3 10 10 10
4 10 10 10 10
5 10 10 10 10 10
3 10 10 10
3 10 10 10
3 10 10 10
2 10 10
2 10 10
1 10
1 10
4 10 10 10 10
3 10 10 10
4 10 10 10 10
2 10 10
2
4 10 10 10 10
3 10 10 10
4 10 10 10 10
5 10 10 10 10 10
3 10 10 10
3 10 10 10
3 10 10 10
2 10 10
2 10 10
1 10
1 10
4 10 10 10 10
3 10 10 10
4 10 10 10 10
2 10 10
3
4 10 10 10 10
3 10 10 10
4 10 10 10 10
5 10 10 10 10 10
3 10 10 10
3 10 10 10
3 10 10 10
2 10 10
2 10 10
1 10
1 10
4 10 10 10 10
3 10 10 10
4 10 10 10 10
2 10 10
4
4 10 10 10 10
3 10 10 10
4 10 10 10 10
5 10 10 10 10 10
3 10 10 10
3 10 10 10
3 10 10 10
2 10 10
2 10 10
1 10
1 10
4 10 10 10 10
3 10 10 10
4 10 10 10 10
2 10 10
5
4 10 10 10 10
3 10 10 10
4 10 10 10 10
5 10 10 10 10 10
3 10 10 10
3 10 10 10
3 10 10 10
2 10 10
2 10 10
1 10
1 10
4 10 10 10 10
3 10 10 10
4 10 10 10 10
2 10 10
6
4 10 10 10 10
3 10 10 10
4 10 10 10 10
5 10 10 10 10 10
3 10 10 10
3 10 10 10
3 10 10 10
2 10 10
2 10 10
1 10
1 10
4 10 10 10 10
3 10 10 10
4 10 10 10 10
2 10 10
7
4 10 10 10 10
3 10 10 10
4 10 10 10 10
5 10 10 10 10 10
3 10 10 10
3 10 10 10
3 10 10 10
2 10 10
2 10 10
1 10
1 10
4 10 10 10 10
3 10 10 10
4 10 10 10 10
2 10 10
8
4 10 10 10 10
3 10 10 10
4 10 10 10 10
5 10 10 10 10 10
3 10 10 10
3 10 10 10
3 10 10 10
2 10 10
2 10 10
1 10
1 10
4 10 10 10 10
3 10 10 10
4 10 10 10 10
2 10 10
9
4 10 10 10 10
3 10 10 10
4 10 10 10 10
5 10 10 10 10 10
3 10 10 10
3 10 10 10
3 10 10 10
2 10 10
2 10 10
1 10
1 10
4 10 10 10 10
3 10 10 10
4 10 10 10 10
2 10 10
10
4 10 10 10 10
3 10 10 10
4 10 10 10 10
5 10 10 10 10 10
3 10 10 10
3 10 10 10
3 10 10 10
2 10 10
2 10 10
1 10
1 10
4 10 10 10 10
3 10 10 10
4 10 10 10 10
2 10 10
11
4 10 10 10 10
3 10 10 10
4 10 10 10 10
5 10 10 10 10 10
3 10 10 10
3 10 10 10
3 10 10 10
2 10 10
2 10 10
1 10
1 10
4 10 10 10 10
3 10 10 10
4 10 10 10 10
2 10 10
12
4 10 10 10 10
3 10 10 10
4 10 10 10 10
5 10 10 10 10 10
3 10 10 10
3 10 10 10
3 10 10 10
2 10 10
2 10 10
1 10
1 10
4 10 10 10 10
3 10 10 10
4 10 10 10 10
2 10 10
13
4 10 10 10 10
3 10 10 10
4 10 10 10 10
5 10 10 10 10 10
3 10 10 10
3 10 10 10
3 10 10 10
2 10 10
2 10 10
1 10
1 10
4 10 10 10 10
3 10 10 10
4 10 10 10 10
2 10 10
14
4 10 10 10 10
3 10 10 10
4 10 10 10 10
5 10 10 10 10 10
3 10 10 10
3 10 10 10
3 10 10 10
2 10 10
2 10 10
1 10
1 10
4 10 10 10 10
3 10 10 10
4 10 10 10 10
2 10 10
15
4 10 10 10 10
3 10 10 10
4 10 10 10 10
5 10 10 10 10 10
3 10 10 10
3 10 10 10
3 10 10 10
2 10 10
2 10 10
1 10
1 10
4 10 10 10 10
3 10 10 10
4 10 10 10 10
2 10 10
16
4 10 10 10 10
3 10 10 10
4 10 10 10 10
5 10 10 10 10 10
3 10 10 10
3 10 10 10
3 10 10 10
2 10 10
2 10 10
1 10
1 10
4 10 10 10 10
3 10 10 10
4 10 10 10 10
2 10 10
17
4 10 10 10 10
3 10 10 10
4 10 10 10 10
5 10 10 10 10 10
3 10 10 10
3 10 10 10
3 10 10 10
2 10 10
2 10 10
1 10
1 10
4 10 10 10 10
3 10 10 10
4 10 10 10 10
2 10 10
18
4 10 10 10 10
3 10 10 10
4 10 10 10 10
5 10 10 10 10 10
3 10 10 10
3 10 10 10
3 10 10 10
2 10 10
2 10 10
1 10
1 10
4 10 10 10 10
3 10 10 10
4 10 10 10 10
2 10 10
19
4 10 10 10 10
3 10 10 10
4 10 10 10 10
5 10 10 10 10 10
3 10 10 10
3 10 10 10
3 10 10 10
2 10 10
2 10 10
1 10
1 10
4 10 10 10 10
3 10 10 10
4 10 10 10 10
2 10 10
20
4 10 10 10 10
3 10 10 10
4 10 10 10 10
5 10 10 10 10 10
3 10 10 10
3 10 10 10
3 10 10 10
2 10 10
2 10 10
1 10
1 10
4 10 10 10 10
3 10 10 10
4 10 10 10 10
2 10 10
21
4 10 10 10 10
3 10 10 10
4 10 10 10 10
5 10 10 10 10 10
3 10 10 10
3 10 10 10
3 10 10 10
2 10 10
2 10 10
1 10
1 10
4 10 10 10 10
3 10 10 10
4 10 10 10 10
2 10 10
22
4 10 10 10 10
3 10 10 10
4 10 10 10 10
5 10 10 10 10 10
3 10 10 10
3 10 10 10
3 10 10 10
2 10 10
2 10 10
1 10
1 10
4 10 10 10 10
3 10 10 10
4 10 10 10 10
2 10 10
23
4 10 10 10 10
3 10 10 10
4 10 10 10 10
5 10 10 10 10 10
3 10 10 10
3 10 10 10
3 10 10 10
2 10 10
2 10 10
1 10
1 10
4 10 10 10 10
3 10 10 10
4 10 10 10 10
2 10 10
24
4 10 10 10 10
3 10 10 10
4 10 10 10 10
5 10 10 10 10 10
3 10 10 10
3 10 10 10
3 10 10 10
2 10 10
2 10 10
1 10
1 10
4 10 10 10 10
3 10 10 10
4 10 10 10 10
2 10 10
25
4 10 10 10 10
3 10 10 10
4 10 10 10 10
5 10 10 10 10 10
3 10 10 10
3 10 10 10
3 10 10 10
2 10 10
2 10 10
1 10
1 10
4 10 10 10 10
3 10 10 10
4 10 10 10 10
2 10 10
26
4 10 10 10 10
3 10 10 10
4 10 10 10 10
5 10 10 10 10 10
3 10 10 10
3 10 10 10
3 10 10 10
2 10 10
2 10 10
1 10
1 10
4 10 10 10 10
3 10 10 10
4 10 10 10 10
2 10 10
27
4 10 10 10 10
3 10 10 10
4 10 10 10 10
5 10 10 10 10 10
3 10 10 10
3 10 10 10
3 10 10 10
2 10 10
2 10 10
1 10
1 10
4 10 10 10 10
3 10 10 10
4 10 10 10 10
2 10 10
28
4 10 10 10 10
3 10 10 10
4 10 10 10 10
5 10 10 10 10 10
3 10 10 10
3 10 10 10
3 10 10 10
2 10 10
2 10 10
1 10
1 10
4 10 10 10 10
3 10 10 10
4 10 10 10 10
2 10 10
29
4 10 10 10 10
3 10 10 10
4 10 10 10 10
5 10 10 10 10 10
3 10 10 10
3 10 10 10
3 10 10 10
2 10 10
2 10 10
1 10
1 10
4 10 10 10 10
3 10 10 10
4 10 10 10 10
2 10 10
30
4 10 10 10 10
3 10 10 10
4 10 10 10 10
5 10 10 10 10 10
3 10 10 10
3 10 10 10
3 10 10 10
2 10 10
2 10 10
1 10
1 10
4 10 10 10 10
3 10 10 10
4 10 10 10 10
2 10 10
5 5 5 
10 10 10 10 10 10 10 10 10 10 10 10 10 10 10 
480 510 660 480 480 540 840 930 630 600 810 840 840 480 630 
630 620 810 670 590 650 950 1000 700 630 840 990 950 630 700 
420 420 420 
1080 1080 1080 
