p-R101-P2C10-I3-V1.txt
2
10
20
0.5
90
10 1 2 3 4 5 6 7 8 9 10
10 11 12 13 14 15 16 17 18 19 20
5 1 2 3 4 5
2 1 2
5 1 2 3 4 5
4 1 2 3 4
2 1 2
4 1 2 3 4
1 1
2 1 2
5 1 2 3 4 5
2 1 2
67 41 60 31 36 42 64 53 22 52 
42 70 72 60 31 67 50 50 44 81 
67 42 
41 70 
60 72 
31 60 
36 31 
42 67 
64 50 
53 50 
22 44 
52 81 
1
5 10 10 10 10 10
2 10 10
5 10 10 10 10 10
4 10 10 10 10
2 10 10
4 10 10 10 10
1 10
2 10 10
5 10 10 10 10 10
2 10 10
2
5 10 10 10 10 10
2 10 10
5 10 10 10 10 10
4 10 10 10 10
2 10 10
4 10 10 10 10
1 10
2 10 10
5 10 10 10 10 10
2 10 10
3
5 10 10 10 10 10
2 10 10
5 10 10 10 10 10
4 10 10 10 10
2 10 10
4 10 10 10 10
1 10
2 10 10
5 10 10 10 10 10
2 10 10
4
5 10 10 10 10 10
2 10 10
5 10 10 10 10 10
4 10 10 10 10
2 10 10
4 10 10 10 10
1 10
2 10 10
5 10 10 10 10 10
2 10 10
5
5 10 10 10 10 10
2 10 10
5 10 10 10 10 10
4 10 10 10 10
2 10 10
4 10 10 10 10
1 10
2 10 10
5 10 10 10 10 10
2 10 10
6
5 10 10 10 10 10
2 10 10
5 10 10 10 10 10
4 10 10 10 10
2 10 10
4 10 10 10 10
1 10
2 10 10
5 10 10 10 10 10
2 10 10
7
5 10 10 10 10 10
2 10 10
5 10 10 10 10 10
4 10 10 10 10
2 10 10
4 10 10 10 10
1 10
2 10 10
5 10 10 10 10 10
2 10 10
8
5 10 10 10 10 10
2 10 10
5 10 10 10 10 10
4 10 10 10 10
2 10 10
4 10 10 10 10
1 10
2 10 10
5 10 10 10 10 10
2 10 10
9
5 10 10 10 10 10
2 10 10
5 10 10 10 10 10
4 10 10 10 10
2 10 10
4 10 10 10 10
1 10
2 10 10
5 10 10 10 10 10
2 10 10
10
5 10 10 10 10 10
2 10 10
5 10 10 10 10 10
4 10 10 10 10
2 10 10
4 10 10 10 10
1 10
2 10 10
5 10 10 10 10 10
2 10 10
11
5 10 10 10 10 10
2 10 10
5 10 10 10 10 10
4 10 10 10 10
2 10 10
4 10 10 10 10
1 10
2 10 10
5 10 10 10 10 10
2 10 10
12
5 10 10 10 10 10
2 10 10
5 10 10 10 10 10
4 10 10 10 10
2 10 10
4 10 10 10 10
1 10
2 10 10
5 10 10 10 10 10
2 10 10
13
5 10 10 10 10 10
2 10 10
5 10 10 10 10 10
4 10 10 10 10
2 10 10
4 10 10 10 10
1 10
2 10 10
5 10 10 10 10 10
2 10 10
14
5 10 10 10 10 10
2 10 10
5 10 10 10 10 10
4 10 10 10 10
2 10 10
4 10 10 10 10
1 10
2 10 10
5 10 10 10 10 10
2 10 10
15
5 10 10 10 10 10
2 10 10
5 10 10 10 10 10
4 10 10 10 10
2 10 10
4 10 10 10 10
1 10
2 10 10
5 10 10 10 10 10
2 10 10
16
5 10 10 10 10 10
2 10 10
5 10 10 10 10 10
4 10 10 10 10
2 10 10
4 10 10 10 10
1 10
2 10 10
5 10 10 10 10 10
2 10 10
17
5 10 10 10 10 10
2 10 10
5 10 10 10 10 10
4 10 10 10 10
2 10 10
4 10 10 10 10
1 10
2 10 10
5 10 10 10 10 10
2 10 10
18
5 10 10 10 10 10
2 10 10
5 10 10 10 10 10
4 10 10 10 10
2 10 10
4 10 10 10 10
1 10
2 10 10
5 10 10 10 10 10
2 10 10
19
5 10 10 10 10 10
2 10 10
5 10 10 10 10 10
4 10 10 10 10
2 10 10
4 10 10 10 10
1 10
2 10 10
5 10 10 10 10 10
2 10 10
20
5 10 10 10 10 10
2 10 10
5 10 10 10 10 10
4 10 10 10 10
2 10 10
4 10 10 10 10
1 10
2 10 10
5 10 10 10 10 10
2 10 10
5 5 
10 10 10 10 10 10 10 10 10 10 
870 600 660 570 870 660 960 870 540 810 
1010 650 800 680 920 770 980 920 680 860 
420 420 
1080 1080 
