p-R101-P2C10-I2-V3.txt
2
10
20
0.5
90
10 1 2 3 4 5 6 7 8 9 10
10 11 12 13 14 15 16 17 18 19 20
5 1 2 3 4 5
1 1
4 1 2 3 4
4 1 2 3 4
3 1 2 3
5 1 2 3 4 5
5 1 2 3 4 5
4 1 2 3 4
2 1 2
1 1
53 67 72 30 64 36 67 64 52 50 
72 92 94 85 22 70 110 80 46 90 
53 72 
67 92 
72 94 
30 85 
64 22 
36 70 
67 110 
64 80 
52 46 
50 90 
1
5 10 10 10 10 10
1 10
4 10 10 10 10
4 10 10 10 10
3 10 10 10
5 10 10 10 10 10
5 10 10 10 10 10
4 10 10 10 10
2 10 10
1 10
2
5 10 10 10 10 10
1 10
4 10 10 10 10
4 10 10 10 10
3 10 10 10
5 10 10 10 10 10
5 10 10 10 10 10
4 10 10 10 10
2 10 10
1 10
3
5 10 10 10 10 10
1 10
4 10 10 10 10
4 10 10 10 10
3 10 10 10
5 10 10 10 10 10
5 10 10 10 10 10
4 10 10 10 10
2 10 10
1 10
4
5 10 10 10 10 10
1 10
4 10 10 10 10
4 10 10 10 10
3 10 10 10
5 10 10 10 10 10
5 10 10 10 10 10
4 10 10 10 10
2 10 10
1 10
5
5 10 10 10 10 10
1 10
4 10 10 10 10
4 10 10 10 10
3 10 10 10
5 10 10 10 10 10
5 10 10 10 10 10
4 10 10 10 10
2 10 10
1 10
6
5 10 10 10 10 10
1 10
4 10 10 10 10
4 10 10 10 10
3 10 10 10
5 10 10 10 10 10
5 10 10 10 10 10
4 10 10 10 10
2 10 10
1 10
7
5 10 10 10 10 10
1 10
4 10 10 10 10
4 10 10 10 10
3 10 10 10
5 10 10 10 10 10
5 10 10 10 10 10
4 10 10 10 10
2 10 10
1 10
8
5 10 10 10 10 10
1 10
4 10 10 10 10
4 10 10 10 10
3 10 10 10
5 10 10 10 10 10
5 10 10 10 10 10
4 10 10 10 10
2 10 10
1 10
9
5 10 10 10 10 10
1 10
4 10 10 10 10
4 10 10 10 10
3 10 10 10
5 10 10 10 10 10
5 10 10 10 10 10
4 10 10 10 10
2 10 10
1 10
10
5 10 10 10 10 10
1 10
4 10 10 10 10
4 10 10 10 10
3 10 10 10
5 10 10 10 10 10
5 10 10 10 10 10
4 10 10 10 10
2 10 10
1 10
11
5 10 10 10 10 10
1 10
4 10 10 10 10
4 10 10 10 10
3 10 10 10
5 10 10 10 10 10
5 10 10 10 10 10
4 10 10 10 10
2 10 10
1 10
12
5 10 10 10 10 10
1 10
4 10 10 10 10
4 10 10 10 10
3 10 10 10
5 10 10 10 10 10
5 10 10 10 10 10
4 10 10 10 10
2 10 10
1 10
13
5 10 10 10 10 10
1 10
4 10 10 10 10
4 10 10 10 10
3 10 10 10
5 10 10 10 10 10
5 10 10 10 10 10
4 10 10 10 10
2 10 10
1 10
14
5 10 10 10 10 10
1 10
4 10 10 10 10
4 10 10 10 10
3 10 10 10
5 10 10 10 10 10
5 10 10 10 10 10
4 10 10 10 10
2 10 10
1 10
15
5 10 10 10 10 10
1 10
4 10 10 10 10
4 10 10 10 10
3 10 10 10
5 10 10 10 10 10
5 10 10 10 10 10
4 10 10 10 10
2 10 10
1 10
16
5 10 10 10 10 10
1 10
4 10 10 10 10
4 10 10 10 10
3 10 10 10
5 10 10 10 10 10
5 10 10 10 10 10
4 10 10 10 10
2 10 10
1 10
17
5 10 10 10 10 10
1 10
4 10 10 10 10
4 10 10 10 10
3 10 10 10
5 10 10 10 10 10
5 10 10 10 10 10
4 10 10 10 10
2 10 10
1 10
18
5 10 10 10 10 10
1 10
4 10 10 10 10
4 10 10 10 10
3 10 10 10
5 10 10 10 10 10
5 10 10 10 10 10
4 10 10 10 10
2 10 10
1 10
19
5 10 10 10 10 10
1 10
4 10 10 10 10
4 10 10 10 10
3 10 10 10
5 10 10 10 10 10
5 10 10 10 10 10
4 10 10 10 10
2 10 10
1 10
20
5 10 10 10 10 10
1 10
4 10 10 10 10
4 10 10 10 10
3 10 10 10
5 10 10 10 10 10
5 10 10 10 10 10
4 10 10 10 10
2 10 10
1 10
5 5 
10 10 10 10 10 10 10 10 10 10 
600 510 630 480 900 540 870 600 480 930 
690 520 700 550 950 630 960 670 510 940 
420 420 
1080 1080 
