p-R101-P2C10-I4-V2.txt
2
10
20
0.5
90
10 1 2 3 4 5 6 7 8 9 10
10 11 12 13 14 15 16 17 18 19 20
2 1 2
5 1 2 3 4 5
3 1 2 3
4 1 2 3 4
1 1
5 1 2 3 4 5
5 1 2 3 4 5
5 1 2 3 4 5
4 1 2 3 4
3 1 2 3
31 60 22 60 67 44 72 64 64 36 
78 89 56 64 120 72 22 60 101 20 
31 78 
60 89 
22 56 
60 64 
67 120 
44 72 
72 22 
64 60 
64 101 
36 20 
1
2 10 10
5 10 10 10 10 10
3 10 10 10
4 10 10 10 10
1 10
5 10 10 10 10 10
5 10 10 10 10 10
5 10 10 10 10 10
4 10 10 10 10
3 10 10 10
2
2 10 10
5 10 10 10 10 10
3 10 10 10
4 10 10 10 10
1 10
5 10 10 10 10 10
5 10 10 10 10 10
5 10 10 10 10 10
4 10 10 10 10
3 10 10 10
3
2 10 10
5 10 10 10 10 10
3 10 10 10
4 10 10 10 10
1 10
5 10 10 10 10 10
5 10 10 10 10 10
5 10 10 10 10 10
4 10 10 10 10
3 10 10 10
4
2 10 10
5 10 10 10 10 10
3 10 10 10
4 10 10 10 10
1 10
5 10 10 10 10 10
5 10 10 10 10 10
5 10 10 10 10 10
4 10 10 10 10
3 10 10 10
5
2 10 10
5 10 10 10 10 10
3 10 10 10
4 10 10 10 10
1 10
5 10 10 10 10 10
5 10 10 10 10 10
5 10 10 10 10 10
4 10 10 10 10
3 10 10 10
6
2 10 10
5 10 10 10 10 10
3 10 10 10
4 10 10 10 10
1 10
5 10 10 10 10 10
5 10 10 10 10 10
5 10 10 10 10 10
4 10 10 10 10
3 10 10 10
7
2 10 10
5 10 10 10 10 10
3 10 10 10
4 10 10 10 10
1 10
5 10 10 10 10 10
5 10 10 10 10 10
5 10 10 10 10 10
4 10 10 10 10
3 10 10 10
8
2 10 10
5 10 10 10 10 10
3 10 10 10
4 10 10 10 10
1 10
5 10 10 10 10 10
5 10 10 10 10 10
5 10 10 10 10 10
4 10 10 10 10
3 10 10 10
9
2 10 10
5 10 10 10 10 10
3 10 10 10
4 10 10 10 10
1 10
5 10 10 10 10 10
5 10 10 10 10 10
5 10 10 10 10 10
4 10 10 10 10
3 10 10 10
10
2 10 10
5 10 10 10 10 10
3 10 10 10
4 10 10 10 10
1 10
5 10 10 10 10 10
5 10 10 10 10 10
5 10 10 10 10 10
4 10 10 10 10
3 10 10 10
11
2 10 10
5 10 10 10 10 10
3 10 10 10
4 10 10 10 10
1 10
5 10 10 10 10 10
5 10 10 10 10 10
5 10 10 10 10 10
4 10 10 10 10
3 10 10 10
12
2 10 10
5 10 10 10 10 10
3 10 10 10
4 10 10 10 10
1 10
5 10 10 10 10 10
5 10 10 10 10 10
5 10 10 10 10 10
4 10 10 10 10
3 10 10 10
13
2 10 10
5 10 10 10 10 10
3 10 10 10
4 10 10 10 10
1 10
5 10 10 10 10 10
5 10 10 10 10 10
5 10 10 10 10 10
4 10 10 10 10
3 10 10 10
14
2 10 10
5 10 10 10 10 10
3 10 10 10
4 10 10 10 10
1 10
5 10 10 10 10 10
5 10 10 10 10 10
5 10 10 10 10 10
4 10 10 10 10
3 10 10 10
15
2 10 10
5 10 10 10 10 10
3 10 10 10
4 10 10 10 10
1 10
5 10 10 10 10 10
5 10 10 10 10 10
5 10 10 10 10 10
4 10 10 10 10
3 10 10 10
16
2 10 10
5 10 10 10 10 10
3 10 10 10
4 10 10 10 10
1 10
5 10 10 10 10 10
5 10 10 10 10 10
5 10 10 10 10 10
4 10 10 10 10
3 10 10 10
17
2 10 10
5 10 10 10 10 10
3 10 10 10
4 10 10 10 10
1 10
5 10 10 10 10 10
5 10 10 10 10 10
5 10 10 10 10 10
4 10 10 10 10
3 10 10 10
18
2 10 10
5 10 10 10 10 10
3 10 10 10
4 10 10 10 10
1 10
5 10 10 10 10 10
5 10 10 10 10 10
5 10 10 10 10 10
4 10 10 10 10
3 10 10 10
19
2 10 10
5 10 10 10 10 10
3 10 10 10
4 10 10 10 10
1 10
5 10 10 10 10 10
5 10 10 10 10 10
5 10 10 10 10 10
4 10 10 10 10
3 10 10 10
20
2 10 10
5 10 10 10 10 10
3 10 10 10
4 10 10 10 10
1 10
5 10 10 10 10 10
5 10 10 10 10 10
5 10 10 10 10 10
4 10 10 10 10
3 10 10 10
5 5 
10 10 10 10 10 10 10 10 10 10 
930 480 510 480 900 480 510 660 480 570 
1000 670 620 630 930 670 700 850 630 680 
420 420 
1080 1080 
