p-R101-P1C5-I2-V1.txt
1
5
10
0.5
90
10 1 2 3 4 5 6 7 8 9 10
3 1 2 3
5 1 2 3 4 5
5 1 2 3 4 5
5 1 2 3 4 5
2 1 2
60 50 50 31 52 
60 
50 
50 
31 
52 
1
3 10 10 10
5 10 10 10 10 10
5 10 10 10 10 10
5 10 10 10 10 10
2 10 10
2
3 10 10 10
5 10 10 10 10 10
5 10 10 10 10 10
5 10 10 10 10 10
2 10 10
3
3 10 10 10
5 10 10 10 10 10
5 10 10 10 10 10
5 10 10 10 10 10
2 10 10
4
3 10 10 10
5 10 10 10 10 10
5 10 10 10 10 10
5 10 10 10 10 10
2 10 10
5
3 10 10 10
5 10 10 10 10 10
5 10 10 10 10 10
5 10 10 10 10 10
2 10 10
6
3 10 10 10
5 10 10 10 10 10
5 10 10 10 10 10
5 10 10 10 10 10
2 10 10
7
3 10 10 10
5 10 10 10 10 10
5 10 10 10 10 10
5 10 10 10 10 10
2 10 10
8
3 10 10 10
5 10 10 10 10 10
5 10 10 10 10 10
5 10 10 10 10 10
2 10 10
9
3 10 10 10
5 10 10 10 10 10
5 10 10 10 10 10
5 10 10 10 10 10
2 10 10
10
3 10 10 10
5 10 10 10 10 10
5 10 10 10 10 10
5 10 10 10 10 10
2 10 10
5 
10 10 10 10 10 
870 870 510 840 840 
920 960 600 930 870 
420 
1080 
