p-R101-P2C15-I3-V2.txt
2
15
20
0.5
90
10 1 2 3 4 5 6 7 8 9 10
10 11 12 13 14 15 16 17 18 19 20
3 1 2 3
5 1 2 3 4 5
4 1 2 3 4
1 1
3 1 2 3
2 1 2
2 1 2
2 1 2
3 1 2 3
1 1
5 1 2 3 4 5
3 1 2 3
5 1 2 3 4 5
1 1
5 1 2 3 4 5
41 53 60 36 52 64 44 42 50 30 60 64 31 36 67 
94 22 63 46 117 136 80 114 120 60 111 110 98 36 36 
41 94 
53 22 
60 63 
36 46 
52 117 
64 136 
44 80 
42 114 
50 120 
30 60 
60 111 
64 110 
31 98 
36 36 
67 36 
1
3 10 10 10
5 10 10 10 10 10
4 10 10 10 10
1 10
3 10 10 10
2 10 10
2 10 10
2 10 10
3 10 10 10
1 10
5 10 10 10 10 10
3 10 10 10
5 10 10 10 10 10
1 10
5 10 10 10 10 10
2
3 10 10 10
5 10 10 10 10 10
4 10 10 10 10
1 10
3 10 10 10
2 10 10
2 10 10
2 10 10
3 10 10 10
1 10
5 10 10 10 10 10
3 10 10 10
5 10 10 10 10 10
1 10
5 10 10 10 10 10
3
3 10 10 10
5 10 10 10 10 10
4 10 10 10 10
1 10
3 10 10 10
2 10 10
2 10 10
2 10 10
3 10 10 10
1 10
5 10 10 10 10 10
3 10 10 10
5 10 10 10 10 10
1 10
5 10 10 10 10 10
4
3 10 10 10
5 10 10 10 10 10
4 10 10 10 10
1 10
3 10 10 10
2 10 10
2 10 10
2 10 10
3 10 10 10
1 10
5 10 10 10 10 10
3 10 10 10
5 10 10 10 10 10
1 10
5 10 10 10 10 10
5
3 10 10 10
5 10 10 10 10 10
4 10 10 10 10
1 10
3 10 10 10
2 10 10
2 10 10
2 10 10
3 10 10 10
1 10
5 10 10 10 10 10
3 10 10 10
5 10 10 10 10 10
1 10
5 10 10 10 10 10
6
3 10 10 10
5 10 10 10 10 10
4 10 10 10 10
1 10
3 10 10 10
2 10 10
2 10 10
2 10 10
3 10 10 10
1 10
5 10 10 10 10 10
3 10 10 10
5 10 10 10 10 10
1 10
5 10 10 10 10 10
7
3 10 10 10
5 10 10 10 10 10
4 10 10 10 10
1 10
3 10 10 10
2 10 10
2 10 10
2 10 10
3 10 10 10
1 10
5 10 10 10 10 10
3 10 10 10
5 10 10 10 10 10
1 10
5 10 10 10 10 10
8
3 10 10 10
5 10 10 10 10 10
4 10 10 10 10
1 10
3 10 10 10
2 10 10
2 10 10
2 10 10
3 10 10 10
1 10
5 10 10 10 10 10
3 10 10 10
5 10 10 10 10 10
1 10
5 10 10 10 10 10
9
3 10 10 10
5 10 10 10 10 10
4 10 10 10 10
1 10
3 10 10 10
2 10 10
2 10 10
2 10 10
3 10 10 10
1 10
5 10 10 10 10 10
3 10 10 10
5 10 10 10 10 10
1 10
5 10 10 10 10 10
10
3 10 10 10
5 10 10 10 10 10
4 10 10 10 10
1 10
3 10 10 10
2 10 10
2 10 10
2 10 10
3 10 10 10
1 10
5 10 10 10 10 10
3 10 10 10
5 10 10 10 10 10
1 10
5 10 10 10 10 10
11
3 10 10 10
5 10 10 10 10 10
4 10 10 10 10
1 10
3 10 10 10
2 10 10
2 10 10
2 10 10
3 10 10 10
1 10
5 10 10 10 10 10
3 10 10 10
5 10 10 10 10 10
1 10
5 10 10 10 10 10
12
3 10 10 10
5 10 10 10 10 10
4 10 10 10 10
1 10
3 10 10 10
2 10 10
2 10 10
2 10 10
3 10 10 10
1 10
5 10 10 10 10 10
3 10 10 10
5 10 10 10 10 10
1 10
5 10 10 10 10 10
13
3 10 10 10
5 10 10 10 10 10
4 10 10 10 10
1 10
3 10 10 10
2 10 10
2 10 10
2 10 10
3 10 10 10
1 10
5 10 10 10 10 10
3 10 10 10
5 10 10 10 10 10
1 10
5 10 10 10 10 10
14
3 10 10 10
5 10 10 10 10 10
4 10 10 10 10
1 10
3 10 10 10
2 10 10
2 10 10
2 10 10
3 10 10 10
1 10
5 10 10 10 10 10
3 10 10 10
5 10 10 10 10 10
1 10
5 10 10 10 10 10
15
3 10 10 10
5 10 10 10 10 10
4 10 10 10 10
1 10
3 10 10 10
2 10 10
2 10 10
2 10 10
3 10 10 10
1 10
5 10 10 10 10 10
3 10 10 10
5 10 10 10 10 10
1 10
5 10 10 10 10 10
16
3 10 10 10
5 10 10 10 10 10
4 10 10 10 10
1 10
3 10 10 10
2 10 10
2 10 10
2 10 10
3 10 10 10
1 10
5 10 10 10 10 10
3 10 10 10
5 10 10 10 10 10
1 10
5 10 10 10 10 10
17
3 10 10 10
5 10 10 10 10 10
4 10 10 10 10
1 10
3 10 10 10
2 10 10
2 10 10
2 10 10
3 10 10 10
1 10
5 10 10 10 10 10
3 10 10 10
5 10 10 10 10 10
1 10
5 10 10 10 10 10
18
3 10 10 10
5 10 10 10 10 10
4 10 10 10 10
1 10
3 10 10 10
2 10 10
2 10 10
2 10 10
3 10 10 10
1 10
5 10 10 10 10 10
3 10 10 10
5 10 10 10 10 10
1 10
5 10 10 10 10 10
19
3 10 10 10
5 10 10 10 10 10
4 10 10 10 10
1 10
3 10 10 10
2 10 10
2 10 10
2 10 10
3 10 10 10
1 10
5 10 10 10 10 10
3 10 10 10
5 10 10 10 10 10
1 10
5 10 10 10 10 10
20
3 10 10 10
5 10 10 10 10 10
4 10 10 10 10
1 10
3 10 10 10
2 10 10
2 10 10
2 10 10
3 10 10 10
1 10
5 10 10 10 10 10
3 10 10 10
5 10 10 10 10 10
1 10
5 10 10 10 10 10
5 5 
10 10 10 10 10 10 10 10 10 10 10 10 10 10 10 
600 540 900 810 870 900 570 540 810 630 570 630 570 990 810 
680 680 1010 830 950 950 620 590 890 650 710 710 710 1010 950 
420 420 
1080 1080 
