p-R101-P2C15-I3-V3.txt
2
15
20
0.5
90
10 1 2 3 4 5 6 7 8 9 10
10 11 12 13 14 15 16 17 18 19 20
3 1 2 3
3 1 2 3
2 1 2
2 1 2
2 1 2
3 1 2 3
1 1
1 1
4 1 2 3 4
4 1 2 3 4
2 1 2
3 1 2 3
2 1 2
4 1 2 3 4
4 1 2 3 4
42 67 31 60 36 30 53 60 36 50 64 63 72 60 22 
30 127 50 76 100 84 120 108 102 22 14 50 138 121 70 
42 30 
67 127 
31 50 
60 76 
36 100 
30 84 
53 120 
60 108 
36 102 
50 22 
64 14 
63 50 
72 138 
60 121 
22 70 
1
3 10 10 10
3 10 10 10
2 10 10
2 10 10
2 10 10
3 10 10 10
1 10
1 10
4 10 10 10 10
4 10 10 10 10
2 10 10
3 10 10 10
2 10 10
4 10 10 10 10
4 10 10 10 10
2
3 10 10 10
3 10 10 10
2 10 10
2 10 10
2 10 10
3 10 10 10
1 10
1 10
4 10 10 10 10
4 10 10 10 10
2 10 10
3 10 10 10
2 10 10
4 10 10 10 10
4 10 10 10 10
3
3 10 10 10
3 10 10 10
2 10 10
2 10 10
2 10 10
3 10 10 10
1 10
1 10
4 10 10 10 10
4 10 10 10 10
2 10 10
3 10 10 10
2 10 10
4 10 10 10 10
4 10 10 10 10
4
3 10 10 10
3 10 10 10
2 10 10
2 10 10
2 10 10
3 10 10 10
1 10
1 10
4 10 10 10 10
4 10 10 10 10
2 10 10
3 10 10 10
2 10 10
4 10 10 10 10
4 10 10 10 10
5
3 10 10 10
3 10 10 10
2 10 10
2 10 10
2 10 10
3 10 10 10
1 10
1 10
4 10 10 10 10
4 10 10 10 10
2 10 10
3 10 10 10
2 10 10
4 10 10 10 10
4 10 10 10 10
6
3 10 10 10
3 10 10 10
2 10 10
2 10 10
2 10 10
3 10 10 10
1 10
1 10
4 10 10 10 10
4 10 10 10 10
2 10 10
3 10 10 10
2 10 10
4 10 10 10 10
4 10 10 10 10
7
3 10 10 10
3 10 10 10
2 10 10
2 10 10
2 10 10
3 10 10 10
1 10
1 10
4 10 10 10 10
4 10 10 10 10
2 10 10
3 10 10 10
2 10 10
4 10 10 10 10
4 10 10 10 10
8
3 10 10 10
3 10 10 10
2 10 10
2 10 10
2 10 10
3 10 10 10
1 10
1 10
4 10 10 10 10
4 10 10 10 10
2 10 10
3 10 10 10
2 10 10
4 10 10 10 10
4 10 10 10 10
9
3 10 10 10
3 10 10 10
2 10 10
2 10 10
2 10 10
3 10 10 10
1 10
1 10
4 10 10 10 10
4 10 10 10 10
2 10 10
3 10 10 10
2 10 10
4 10 10 10 10
4 10 10 10 10
10
3 10 10 10
3 10 10 10
2 10 10
2 10 10
2 10 10
3 10 10 10
1 10
1 10
4 10 10 10 10
4 10 10 10 10
2 10 10
3 10 10 10
2 10 10
4 10 10 10 10
4 10 10 10 10
11
3 10 10 10
3 10 10 10
2 10 10
2 10 10
2 10 10
3 10 10 10
1 10
1 10
4 10 10 10 10
4 10 10 10 10
2 10 10
3 10 10 10
2 10 10
4 10 10 10 10
4 10 10 10 10
12
3 10 10 10
3 10 10 10
2 10 10
2 10 10
2 10 10
3 10 10 10
1 10
1 10
4 10 10 10 10
4 10 10 10 10
2 10 10
3 10 10 10
2 10 10
4 10 10 10 10
4 10 10 10 10
13
3 10 10 10
3 10 10 10
2 10 10
2 10 10
2 10 10
3 10 10 10
1 10
1 10
4 10 10 10 10
4 10 10 10 10
2 10 10
3 10 10 10
2 10 10
4 10 10 10 10
4 10 10 10 10
14
3 10 10 10
3 10 10 10
2 10 10
2 10 10
2 10 10
3 10 10 10
1 10
1 10
4 10 10 10 10
4 10 10 10 10
2 10 10
3 10 10 10
2 10 10
4 10 10 10 10
4 10 10 10 10
15
3 10 10 10
3 10 10 10
2 10 10
2 10 10
2 10 10
3 10 10 10
1 10
1 10
4 10 10 10 10
4 10 10 10 10
2 10 10
3 10 10 10
2 10 10
4 10 10 10 10
4 10 10 10 10
16
3 10 10 10
3 10 10 10
2 10 10
2 10 10
2 10 10
3 10 10 10
1 10
1 10
4 10 10 10 10
4 10 10 10 10
2 10 10
3 10 10 10
2 10 10
4 10 10 10 10
4 10 10 10 10
17
3 10 10 10
3 10 10 10
2 10 10
2 10 10
2 10 10
3 10 10 10
1 10
1 10
4 10 10 10 10
4 10 10 10 10
2 10 10
3 10 10 10
2 10 10
4 10 10 10 10
4 10 10 10 10
18
3 10 10 10
3 10 10 10
2 10 10
2 10 10
2 10 10
3 10 10 10
1 10
1 10
4 10 10 10 10
4 10 10 10 10
2 10 10
3 10 10 10
2 10 10
4 10 10 10 10
4 10 10 10 10
19
3 10 10 10
3 10 10 10
2 10 10
2 10 10
2 10 10
3 10 10 10
1 10
1 10
4 10 10 10 10
4 10 10 10 10
2 10 10
3 10 10 10
2 10 10
4 10 10 10 10
4 10 10 10 10
20
3 10 10 10
3 10 10 10
2 10 10
2 10 10
2 10 10
3 10 10 10
1 10
1 10
4 10 10 10 10
4 10 10 10 10
2 10 10
3 10 10 10
2 10 10
4 10 10 10 10
4 10 10 10 10
5 5 
10 10 10 10 10 10 10 10 10 10 10 10 10 10 10 
930 600 930 900 600 510 900 840 480 810 870 900 510 570 480 
1010 680 980 950 650 590 920 860 590 920 920 980 560 680 590 
420 420 
1080 1080 
