p-R101-P3C15-I3-V1.txt
3
15
30
0.5
90
10 1 2 3 4 5 6 7 8 9 10
10 11 12 13 14 15 16 17 18 19 20
10 21 22 23 24 25 26 27 28 29 30
4 1 2 3 4
1 1
5 1 2 3 4 5
1 1
5 1 2 3 4 5
5 1 2 3 4 5
3 1 2 3
5 1 2 3 4 5
4 1 2 3 4
5 1 2 3 4 5
5 1 2 3 4 5
1 1
5 1 2 3 4 5
5 1 2 3 4 5
1 1
67 60 58 67 42 64 22 72 60 64 44 36 22 63 41 
50 36 44 98 20 80 22 98 72 41 70 64 36 70 22 
114 101 90 20 92 80 63 30 58 113 50 20 50 92 82 
67 50 114 
60 36 101 
58 44 90 
67 98 20 
42 20 92 
64 80 80 
22 22 63 
72 98 30 
60 72 58 
64 41 113 
44 70 50 
36 64 20 
22 36 50 
63 70 92 
41 22 82 
1
4 10 10 10 10
1 10
5 10 10 10 10 10
1 10
5 10 10 10 10 10
5 10 10 10 10 10
3 10 10 10
5 10 10 10 10 10
4 10 10 10 10
5 10 10 10 10 10
5 10 10 10 10 10
1 10
5 10 10 10 10 10
5 10 10 10 10 10
1 10
2
4 10 10 10 10
1 10
5 10 10 10 10 10
1 10
5 10 10 10 10 10
5 10 10 10 10 10
3 10 10 10
5 10 10 10 10 10
4 10 10 10 10
5 10 10 10 10 10
5 10 10 10 10 10
1 10
5 10 10 10 10 10
5 10 10 10 10 10
1 10
3
4 10 10 10 10
1 10
5 10 10 10 10 10
1 10
5 10 10 10 10 10
5 10 10 10 10 10
3 10 10 10
5 10 10 10 10 10
4 10 10 10 10
5 10 10 10 10 10
5 10 10 10 10 10
1 10
5 10 10 10 10 10
5 10 10 10 10 10
1 10
4
4 10 10 10 10
1 10
5 10 10 10 10 10
1 10
5 10 10 10 10 10
5 10 10 10 10 10
3 10 10 10
5 10 10 10 10 10
4 10 10 10 10
5 10 10 10 10 10
5 10 10 10 10 10
1 10
5 10 10 10 10 10
5 10 10 10 10 10
1 10
5
4 10 10 10 10
1 10
5 10 10 10 10 10
1 10
5 10 10 10 10 10
5 10 10 10 10 10
3 10 10 10
5 10 10 10 10 10
4 10 10 10 10
5 10 10 10 10 10
5 10 10 10 10 10
1 10
5 10 10 10 10 10
5 10 10 10 10 10
1 10
6
4 10 10 10 10
1 10
5 10 10 10 10 10
1 10
5 10 10 10 10 10
5 10 10 10 10 10
3 10 10 10
5 10 10 10 10 10
4 10 10 10 10
5 10 10 10 10 10
5 10 10 10 10 10
1 10
5 10 10 10 10 10
5 10 10 10 10 10
1 10
7
4 10 10 10 10
1 10
5 10 10 10 10 10
1 10
5 10 10 10 10 10
5 10 10 10 10 10
3 10 10 10
5 10 10 10 10 10
4 10 10 10 10
5 10 10 10 10 10
5 10 10 10 10 10
1 10
5 10 10 10 10 10
5 10 10 10 10 10
1 10
8
4 10 10 10 10
1 10
5 10 10 10 10 10
1 10
5 10 10 10 10 10
5 10 10 10 10 10
3 10 10 10
5 10 10 10 10 10
4 10 10 10 10
5 10 10 10 10 10
5 10 10 10 10 10
1 10
5 10 10 10 10 10
5 10 10 10 10 10
1 10
9
4 10 10 10 10
1 10
5 10 10 10 10 10
1 10
5 10 10 10 10 10
5 10 10 10 10 10
3 10 10 10
5 10 10 10 10 10
4 10 10 10 10
5 10 10 10 10 10
5 10 10 10 10 10
1 10
5 10 10 10 10 10
5 10 10 10 10 10
1 10
10
4 10 10 10 10
1 10
5 10 10 10 10 10
1 10
5 10 10 10 10 10
5 10 10 10 10 10
3 10 10 10
5 10 10 10 10 10
4 10 10 10 10
5 10 10 10 10 10
5 10 10 10 10 10
1 10
5 10 10 10 10 10
5 10 10 10 10 10
1 10
11
4 10 10 10 10
1 10
5 10 10 10 10 10
1 10
5 10 10 10 10 10
5 10 10 10 10 10
3 10 10 10
5 10 10 10 10 10
4 10 10 10 10
5 10 10 10 10 10
5 10 10 10 10 10
1 10
5 10 10 10 10 10
5 10 10 10 10 10
1 10
12
4 10 10 10 10
1 10
5 10 10 10 10 10
1 10
5 10 10 10 10 10
5 10 10 10 10 10
3 10 10 10
5 10 10 10 10 10
4 10 10 10 10
5 10 10 10 10 10
5 10 10 10 10 10
1 10
5 10 10 10 10 10
5 10 10 10 10 10
1 10
13
4 10 10 10 10
1 10
5 10 10 10 10 10
1 10
5 10 10 10 10 10
5 10 10 10 10 10
3 10 10 10
5 10 10 10 10 10
4 10 10 10 10
5 10 10 10 10 10
5 10 10 10 10 10
1 10
5 10 10 10 10 10
5 10 10 10 10 10
1 10
14
4 10 10 10 10
1 10
5 10 10 10 10 10
1 10
5 10 10 10 10 10
5 10 10 10 10 10
3 10 10 10
5 10 10 10 10 10
4 10 10 10 10
5 10 10 10 10 10
5 10 10 10 10 10
1 10
5 10 10 10 10 10
5 10 10 10 10 10
1 10
15
4 10 10 10 10
1 10
5 10 10 10 10 10
1 10
5 10 10 10 10 10
5 10 10 10 10 10
3 10 10 10
5 10 10 10 10 10
4 10 10 10 10
5 10 10 10 10 10
5 10 10 10 10 10
1 10
5 10 10 10 10 10
5 10 10 10 10 10
1 10
16
4 10 10 10 10
1 10
5 10 10 10 10 10
1 10
5 10 10 10 10 10
5 10 10 10 10 10
3 10 10 10
5 10 10 10 10 10
4 10 10 10 10
5 10 10 10 10 10
5 10 10 10 10 10
1 10
5 10 10 10 10 10
5 10 10 10 10 10
1 10
17
4 10 10 10 10
1 10
5 10 10 10 10 10
1 10
5 10 10 10 10 10
5 10 10 10 10 10
3 10 10 10
5 10 10 10 10 10
4 10 10 10 10
5 10 10 10 10 10
5 10 10 10 10 10
1 10
5 10 10 10 10 10
5 10 10 10 10 10
1 10
18
4 10 10 10 10
1 10
5 10 10 10 10 10
1 10
5 10 10 10 10 10
5 10 10 10 10 10
3 10 10 10
5 10 10 10 10 10
4 10 10 10 10
5 10 10 10 10 10
5 10 10 10 10 10
1 10
5 10 10 10 10 10
5 10 10 10 10 10
1 10
19
4 10 10 10 10
1 10
5 10 10 10 10 10
1 10
5 10 10 10 10 10
5 10 10 10 10 10
3 10 10 10
5 10 10 10 10 10
4 10 10 10 10
5 10 10 10 10 10
5 10 10 10 10 10
1 10
5 10 10 10 10 10
5 10 10 10 10 10
1 10
20
4 10 10 10 10
1 10
5 10 10 10 10 10
1 10
5 10 10 10 10 10
5 10 10 10 10 10
3 10 10 10
5 10 10 10 10 10
4 10 10 10 10
5 10 10 10 10 10
5 10 10 10 10 10
1 10
5 10 10 10 10 10
5 10 10 10 10 10
1 10
21
4 10 10 10 10
1 10
5 10 10 10 10 10
1 10
5 10 10 10 10 10
5 10 10 10 10 10
3 10 10 10
5 10 10 10 10 10
4 10 10 10 10
5 10 10 10 10 10
5 10 10 10 10 10
1 10
5 10 10 10 10 10
5 10 10 10 10 10
1 10
22
4 10 10 10 10
1 10
5 10 10 10 10 10
1 10
5 10 10 10 10 10
5 10 10 10 10 10
3 10 10 10
5 10 10 10 10 10
4 10 10 10 10
5 10 10 10 10 10
5 10 10 10 10 10
1 10
5 10 10 10 10 10
5 10 10 10 10 10
1 10
23
4 10 10 10 10
1 10
5 10 10 10 10 10
1 10
5 10 10 10 10 10
5 10 10 10 10 10
3 10 10 10
5 10 10 10 10 10
4 10 10 10 10
5 10 10 10 10 10
5 10 10 10 10 10
1 10
5 10 10 10 10 10
5 10 10 10 10 10
1 10
24
4 10 10 10 10
1 10
5 10 10 10 10 10
1 10
5 10 10 10 10 10
5 10 10 10 10 10
3 10 10 10
5 10 10 10 10 10
4 10 10 10 10
5 10 10 10 10 10
5 10 10 10 10 10
1 10
5 10 10 10 10 10
5 10 10 10 10 10
1 10
25
4 10 10 10 10
1 10
5 10 10 10 10 10
1 10
5 10 10 10 10 10
5 10 10 10 10 10
3 10 10 10
5 10 10 10 10 10
4 10 10 10 10
5 10 10 10 10 10
5 10 10 10 10 10
1 10
5 10 10 10 10 10
5 10 10 10 10 10
1 10
26
4 10 10 10 10
1 10
5 10 10 10 10 10
1 10
5 10 10 10 10 10
5 10 10 10 10 10
3 10 10 10
5 10 10 10 10 10
4 10 10 10 10
5 10 10 10 10 10
5 10 10 10 10 10
1 10
5 10 10 10 10 10
5 10 10 10 10 10
1 10
27
4 10 10 10 10
1 10
5 10 10 10 10 10
1 10
5 10 10 10 10 10
5 10 10 10 10 10
3 10 10 10
5 10 10 10 10 10
4 10 10 10 10
5 10 10 10 10 10
5 10 10 10 10 10
1 10
5 10 10 10 10 10
5 10 10 10 10 10
1 10
28
4 10 10 10 10
1 10
5 10 10 10 10 10
1 10
5 10 10 10 10 10
5 10 10 10 10 10
3 10 10 10
5 10 10 10 10 10
4 10 10 10 10
5 10 10 10 10 10
5 10 10 10 10 10
1 10
5 10 10 10 10 10
5 10 10 10 10 10
1 10
29
4 10 10 10 10
1 10
5 10 10 10 10 10
1 10
5 10 10 10 10 10
5 10 10 10 10 10
3 10 10 10
5 10 10 10 10 10
4 10 10 10 10
5 10 10 10 10 10
5 10 10 10 10 10
1 10
5 10 10 10 10 10
5 10 10 10 10 10
1 10
30
4 10 10 10 10
1 10
5 10 10 10 10 10
1 10
5 10 10 10 10 10
5 10 10 10 10 10
3 10 10 10
5 10 10 10 10 10
4 10 10 10 10
5 10 10 10 10 10
5 10 10 10 10 10
1 10
5 10 10 10 10 10
5 10 10 10 10 10
1 10
5 5 5 
10 10 10 10 10 10 10 10 10 10 10 10 10 10 10 
840 870 660 570 840 480 930 870 600 570 480 960 570 540 810 
950 890 800 590 980 620 1010 1010 710 710 620 980 710 680 830 
420 420 420 
1080 1080 1080 
