p-R101-P3C15-I3-V2.txt
3
15
30
0.5
90
10 1 2 3 4 5 6 7 8 9 10
10 11 12 13 14 15 16 17 18 19 20
10 21 22 23 24 25 26 27 28 29 30
1 1
1 1
3 1 2 3
4 1 2 3 4
1 1
5 1 2 3 4 5
1 1
4 1 2 3 4
1 1
1 1
3 1 2 3
4 1 2 3 4
3 1 2 3
4 1 2 3 4
4 1 2 3 4
67 41 72 22 52 64 50 44 30 60 60 60 63 36 22 
44 72 22 56 96 60 104 72 50 89 64 31 110 20 42 
75 64 92 49 63 93 31 29 33 81 55 90 32 58 52 
67 44 75 
41 72 64 
72 22 92 
22 56 49 
52 96 63 
64 60 93 
50 104 31 
44 72 29 
30 50 33 
60 89 81 
60 64 55 
60 31 90 
63 110 32 
36 20 58 
22 42 52 
1
1 10
1 10
3 10 10 10
4 10 10 10 10
1 10
5 10 10 10 10 10
1 10
4 10 10 10 10
1 10
1 10
3 10 10 10
4 10 10 10 10
3 10 10 10
4 10 10 10 10
4 10 10 10 10
2
1 10
1 10
3 10 10 10
4 10 10 10 10
1 10
5 10 10 10 10 10
1 10
4 10 10 10 10
1 10
1 10
3 10 10 10
4 10 10 10 10
3 10 10 10
4 10 10 10 10
4 10 10 10 10
3
1 10
1 10
3 10 10 10
4 10 10 10 10
1 10
5 10 10 10 10 10
1 10
4 10 10 10 10
1 10
1 10
3 10 10 10
4 10 10 10 10
3 10 10 10
4 10 10 10 10
4 10 10 10 10
4
1 10
1 10
3 10 10 10
4 10 10 10 10
1 10
5 10 10 10 10 10
1 10
4 10 10 10 10
1 10
1 10
3 10 10 10
4 10 10 10 10
3 10 10 10
4 10 10 10 10
4 10 10 10 10
5
1 10
1 10
3 10 10 10
4 10 10 10 10
1 10
5 10 10 10 10 10
1 10
4 10 10 10 10
1 10
1 10
3 10 10 10
4 10 10 10 10
3 10 10 10
4 10 10 10 10
4 10 10 10 10
6
1 10
1 10
3 10 10 10
4 10 10 10 10
1 10
5 10 10 10 10 10
1 10
4 10 10 10 10
1 10
1 10
3 10 10 10
4 10 10 10 10
3 10 10 10
4 10 10 10 10
4 10 10 10 10
7
1 10
1 10
3 10 10 10
4 10 10 10 10
1 10
5 10 10 10 10 10
1 10
4 10 10 10 10
1 10
1 10
3 10 10 10
4 10 10 10 10
3 10 10 10
4 10 10 10 10
4 10 10 10 10
8
1 10
1 10
3 10 10 10
4 10 10 10 10
1 10
5 10 10 10 10 10
1 10
4 10 10 10 10
1 10
1 10
3 10 10 10
4 10 10 10 10
3 10 10 10
4 10 10 10 10
4 10 10 10 10
9
1 10
1 10
3 10 10 10
4 10 10 10 10
1 10
5 10 10 10 10 10
1 10
4 10 10 10 10
1 10
1 10
3 10 10 10
4 10 10 10 10
3 10 10 10
4 10 10 10 10
4 10 10 10 10
10
1 10
1 10
3 10 10 10
4 10 10 10 10
1 10
5 10 10 10 10 10
1 10
4 10 10 10 10
1 10
1 10
3 10 10 10
4 10 10 10 10
3 10 10 10
4 10 10 10 10
4 10 10 10 10
11
1 10
1 10
3 10 10 10
4 10 10 10 10
1 10
5 10 10 10 10 10
1 10
4 10 10 10 10
1 10
1 10
3 10 10 10
4 10 10 10 10
3 10 10 10
4 10 10 10 10
4 10 10 10 10
12
1 10
1 10
3 10 10 10
4 10 10 10 10
1 10
5 10 10 10 10 10
1 10
4 10 10 10 10
1 10
1 10
3 10 10 10
4 10 10 10 10
3 10 10 10
4 10 10 10 10
4 10 10 10 10
13
1 10
1 10
3 10 10 10
4 10 10 10 10
1 10
5 10 10 10 10 10
1 10
4 10 10 10 10
1 10
1 10
3 10 10 10
4 10 10 10 10
3 10 10 10
4 10 10 10 10
4 10 10 10 10
14
1 10
1 10
3 10 10 10
4 10 10 10 10
1 10
5 10 10 10 10 10
1 10
4 10 10 10 10
1 10
1 10
3 10 10 10
4 10 10 10 10
3 10 10 10
4 10 10 10 10
4 10 10 10 10
15
1 10
1 10
3 10 10 10
4 10 10 10 10
1 10
5 10 10 10 10 10
1 10
4 10 10 10 10
1 10
1 10
3 10 10 10
4 10 10 10 10
3 10 10 10
4 10 10 10 10
4 10 10 10 10
16
1 10
1 10
3 10 10 10
4 10 10 10 10
1 10
5 10 10 10 10 10
1 10
4 10 10 10 10
1 10
1 10
3 10 10 10
4 10 10 10 10
3 10 10 10
4 10 10 10 10
4 10 10 10 10
17
1 10
1 10
3 10 10 10
4 10 10 10 10
1 10
5 10 10 10 10 10
1 10
4 10 10 10 10
1 10
1 10
3 10 10 10
4 10 10 10 10
3 10 10 10
4 10 10 10 10
4 10 10 10 10
18
1 10
1 10
3 10 10 10
4 10 10 10 10
1 10
5 10 10 10 10 10
1 10
4 10 10 10 10
1 10
1 10
3 10 10 10
4 10 10 10 10
3 10 10 10
4 10 10 10 10
4 10 10 10 10
19
1 10
1 10
3 10 10 10
4 10 10 10 10
1 10
5 10 10 10 10 10
1 10
4 10 10 10 10
1 10
1 10
3 10 10 10
4 10 10 10 10
3 10 10 10
4 10 10 10 10
4 10 10 10 10
20
1 10
1 10
3 10 10 10
4 10 10 10 10
1 10
5 10 10 10 10 10
1 10
4 10 10 10 10
1 10
1 10
3 10 10 10
4 10 10 10 10
3 10 10 10
4 10 10 10 10
4 10 10 10 10
21
1 10
1 10
3 10 10 10
4 10 10 10 10
1 10
5 10 10 10 10 10
1 10
4 10 10 10 10
1 10
1 10
3 10 10 10
4 10 10 10 10
3 10 10 10
4 10 10 10 10
4 10 10 10 10
22
1 10
1 10
3 10 10 10
4 10 10 10 10
1 10
5 10 10 10 10 10
1 10
4 10 10 10 10
1 10
1 10
3 10 10 10
4 10 10 10 10
3 10 10 10
4 10 10 10 10
4 10 10 10 10
23
1 10
1 10
3 10 10 10
4 10 10 10 10
1 10
5 10 10 10 10 10
1 10
4 10 10 10 10
1 10
1 10
3 10 10 10
4 10 10 10 10
3 10 10 10
4 10 10 10 10
4 10 10 10 10
24
1 10
1 10
3 10 10 10
4 10 10 10 10
1 10
5 10 10 10 10 10
1 10
4 10 10 10 10
1 10
1 10
3 10 10 10
4 10 10 10 10
3 10 10 10
4 10 10 10 10
4 10 10 10 10
25
1 10
1 10
3 10 10 10
4 10 10 10 10
1 10
5 10 10 10 10 10
1 10
4 10 10 10 10
1 10
1 10
3 10 10 10
4 10 10 10 10
3 10 10 10
4 10 10 10 10
4 10 10 10 10
26
1 10
1 10
3 10 10 10
4 10 10 10 10
1 10
5 10 10 10 10 10
1 10
4 10 10 10 10
1 10
1 10
3 10 10 10
4 10 10 10 10
3 10 10 10
4 10 10 10 10
4 10 10 10 10
27
1 10
1 10
3 10 10 10
4 10 10 10 10
1 10
5 10 10 10 10 10
1 10
4 10 10 10 10
1 10
1 10
3 10 10 10
4 10 10 10 10
3 10 10 10
4 10 10 10 10
4 10 10 10 10
28
1 10
1 10
3 10 10 10
4 10 10 10 10
1 10
5 10 10 10 10 10
1 10
4 10 10 10 10
1 10
1 10
3 10 10 10
4 10 10 10 10
3 10 10 10
4 10 10 10 10
4 10 10 10 10
29
1 10
1 10
3 10 10 10
4 10 10 10 10
1 10
5 10 10 10 10 10
1 10
4 10 10 10 10
1 10
1 10
3 10 10 10
4 10 10 10 10
3 10 10 10
4 10 10 10 10
4 10 10 10 10
30
1 10
1 10
3 10 10 10
4 10 10 10 10
1 10
5 10 10 10 10 10
1 10
4 10 10 10 10
1 10
1 10
3 10 10 10
4 10 10 10 10
3 10 10 10
4 10 10 10 10
4 10 10 10 10
5 5 5 
10 10 10 10 10 10 10 10 10 10 10 10 10 10 10 
810 900 570 810 540 510 870 510 570 840 810 510 510 510 810 
830 920 650 920 560 650 890 620 590 860 890 620 590 620 920 
420 420 420 
1080 1080 1080 
