p-R101-P3C15-I2-V1.txt
3
15
30
0.5
90
10 1 2 3 4 5 6 7 8 9 10
10 11 12 13 14 15 16 17 18 19 20
10 21 22 23 24 25 26 27 28 29 30
4 1 2 3 4
1 1
1 1
5 1 2 3 4 5
5 1 2 3 4 5
5 1 2 3 4 5
5 1 2 3 4 5
3 1 2 3
3 1 2 3
3 1 2 3
2 1 2
2 1 2
5 1 2 3 4 5
2 1 2
2 1 2
58 67 60 50 64 22 64 60 42 30 53 63 31 52 41 
50 100 69 86 42 32 94 65 72 65 24 98 54 72 47 
41 82 72 70 42 14 76 50 53 52 42 85 36 53 31 
58 50 41 
67 100 82 
60 69 72 
50 86 70 
64 42 42 
22 32 14 
64 94 76 
60 65 50 
42 72 53 
30 65 52 
53 24 42 
63 98 85 
31 54 36 
52 72 53 
41 47 31 
1
4 10 10 10 10
1 10
1 10
5 10 10 10 10 10
5 10 10 10 10 10
5 10 10 10 10 10
5 10 10 10 10 10
3 10 10 10
3 10 10 10
3 10 10 10
2 10 10
2 10 10
5 10 10 10 10 10
2 10 10
2 10 10
2
4 10 10 10 10
1 10
1 10
5 10 10 10 10 10
5 10 10 10 10 10
5 10 10 10 10 10
5 10 10 10 10 10
3 10 10 10
3 10 10 10
3 10 10 10
2 10 10
2 10 10
5 10 10 10 10 10
2 10 10
2 10 10
3
4 10 10 10 10
1 10
1 10
5 10 10 10 10 10
5 10 10 10 10 10
5 10 10 10 10 10
5 10 10 10 10 10
3 10 10 10
3 10 10 10
3 10 10 10
2 10 10
2 10 10
5 10 10 10 10 10
2 10 10
2 10 10
4
4 10 10 10 10
1 10
1 10
5 10 10 10 10 10
5 10 10 10 10 10
5 10 10 10 10 10
5 10 10 10 10 10
3 10 10 10
3 10 10 10
3 10 10 10
2 10 10
2 10 10
5 10 10 10 10 10
2 10 10
2 10 10
5
4 10 10 10 10
1 10
1 10
5 10 10 10 10 10
5 10 10 10 10 10
5 10 10 10 10 10
5 10 10 10 10 10
3 10 10 10
3 10 10 10
3 10 10 10
2 10 10
2 10 10
5 10 10 10 10 10
2 10 10
2 10 10
6
4 10 10 10 10
1 10
1 10
5 10 10 10 10 10
5 10 10 10 10 10
5 10 10 10 10 10
5 10 10 10 10 10
3 10 10 10
3 10 10 10
3 10 10 10
2 10 10
2 10 10
5 10 10 10 10 10
2 10 10
2 10 10
7
4 10 10 10 10
1 10
1 10
5 10 10 10 10 10
5 10 10 10 10 10
5 10 10 10 10 10
5 10 10 10 10 10
3 10 10 10
3 10 10 10
3 10 10 10
2 10 10
2 10 10
5 10 10 10 10 10
2 10 10
2 10 10
8
4 10 10 10 10
1 10
1 10
5 10 10 10 10 10
5 10 10 10 10 10
5 10 10 10 10 10
5 10 10 10 10 10
3 10 10 10
3 10 10 10
3 10 10 10
2 10 10
2 10 10
5 10 10 10 10 10
2 10 10
2 10 10
9
4 10 10 10 10
1 10
1 10
5 10 10 10 10 10
5 10 10 10 10 10
5 10 10 10 10 10
5 10 10 10 10 10
3 10 10 10
3 10 10 10
3 10 10 10
2 10 10
2 10 10
5 10 10 10 10 10
2 10 10
2 10 10
10
4 10 10 10 10
1 10
1 10
5 10 10 10 10 10
5 10 10 10 10 10
5 10 10 10 10 10
5 10 10 10 10 10
3 10 10 10
3 10 10 10
3 10 10 10
2 10 10
2 10 10
5 10 10 10 10 10
2 10 10
2 10 10
11
4 10 10 10 10
1 10
1 10
5 10 10 10 10 10
5 10 10 10 10 10
5 10 10 10 10 10
5 10 10 10 10 10
3 10 10 10
3 10 10 10
3 10 10 10
2 10 10
2 10 10
5 10 10 10 10 10
2 10 10
2 10 10
12
4 10 10 10 10
1 10
1 10
5 10 10 10 10 10
5 10 10 10 10 10
5 10 10 10 10 10
5 10 10 10 10 10
3 10 10 10
3 10 10 10
3 10 10 10
2 10 10
2 10 10
5 10 10 10 10 10
2 10 10
2 10 10
13
4 10 10 10 10
1 10
1 10
5 10 10 10 10 10
5 10 10 10 10 10
5 10 10 10 10 10
5 10 10 10 10 10
3 10 10 10
3 10 10 10
3 10 10 10
2 10 10
2 10 10
5 10 10 10 10 10
2 10 10
2 10 10
14
4 10 10 10 10
1 10
1 10
5 10 10 10 10 10
5 10 10 10 10 10
5 10 10 10 10 10
5 10 10 10 10 10
3 10 10 10
3 10 10 10
3 10 10 10
2 10 10
2 10 10
5 10 10 10 10 10
2 10 10
2 10 10
15
4 10 10 10 10
1 10
1 10
5 10 10 10 10 10
5 10 10 10 10 10
5 10 10 10 10 10
5 10 10 10 10 10
3 10 10 10
3 10 10 10
3 10 10 10
2 10 10
2 10 10
5 10 10 10 10 10
2 10 10
2 10 10
16
4 10 10 10 10
1 10
1 10
5 10 10 10 10 10
5 10 10 10 10 10
5 10 10 10 10 10
5 10 10 10 10 10
3 10 10 10
3 10 10 10
3 10 10 10
2 10 10
2 10 10
5 10 10 10 10 10
2 10 10
2 10 10
17
4 10 10 10 10
1 10
1 10
5 10 10 10 10 10
5 10 10 10 10 10
5 10 10 10 10 10
5 10 10 10 10 10
3 10 10 10
3 10 10 10
3 10 10 10
2 10 10
2 10 10
5 10 10 10 10 10
2 10 10
2 10 10
18
4 10 10 10 10
1 10
1 10
5 10 10 10 10 10
5 10 10 10 10 10
5 10 10 10 10 10
5 10 10 10 10 10
3 10 10 10
3 10 10 10
3 10 10 10
2 10 10
2 10 10
5 10 10 10 10 10
2 10 10
2 10 10
19
4 10 10 10 10
1 10
1 10
5 10 10 10 10 10
5 10 10 10 10 10
5 10 10 10 10 10
5 10 10 10 10 10
3 10 10 10
3 10 10 10
3 10 10 10
2 10 10
2 10 10
5 10 10 10 10 10
2 10 10
2 10 10
20
4 10 10 10 10
1 10
1 10
5 10 10 10 10 10
5 10 10 10 10 10
5 10 10 10 10 10
5 10 10 10 10 10
3 10 10 10
3 10 10 10
3 10 10 10
2 10 10
2 10 10
5 10 10 10 10 10
2 10 10
2 10 10
21
4 10 10 10 10
1 10
1 10
5 10 10 10 10 10
5 10 10 10 10 10
5 10 10 10 10 10
5 10 10 10 10 10
3 10 10 10
3 10 10 10
3 10 10 10
2 10 10
2 10 10
5 10 10 10 10 10
2 10 10
2 10 10
22
4 10 10 10 10
1 10
1 10
5 10 10 10 10 10
5 10 10 10 10 10
5 10 10 10 10 10
5 10 10 10 10 10
3 10 10 10
3 10 10 10
3 10 10 10
2 10 10
2 10 10
5 10 10 10 10 10
2 10 10
2 10 10
23
4 10 10 10 10
1 10
1 10
5 10 10 10 10 10
5 10 10 10 10 10
5 10 10 10 10 10
5 10 10 10 10 10
3 10 10 10
3 10 10 10
3 10 10 10
2 10 10
2 10 10
5 10 10 10 10 10
2 10 10
2 10 10
24
4 10 10 10 10
1 10
1 10
5 10 10 10 10 10
5 10 10 10 10 10
5 10 10 10 10 10
5 10 10 10 10 10
3 10 10 10
3 10 10 10
3 10 10 10
2 10 10
2 10 10
5 10 10 10 10 10
2 10 10
2 10 10
25
4 10 10 10 10
1 10
1 10
5 10 10 10 10 10
5 10 10 10 10 10
5 10 10 10 10 10
5 10 10 10 10 10
3 10 10 10
3 10 10 10
3 10 10 10
2 10 10
2 10 10
5 10 10 10 10 10
2 10 10
2 10 10
26
4 10 10 10 10
1 10
1 10
5 10 10 10 10 10
5 10 10 10 10 10
5 10 10 10 10 10
5 10 10 10 10 10
3 10 10 10
3 10 10 10
3 10 10 10
2 10 10
2 10 10
5 10 10 10 10 10
2 10 10
2 10 10
27
4 10 10 10 10
1 10
1 10
5 10 10 10 10 10
5 10 10 10 10 10
5 10 10 10 10 10
5 10 10 10 10 10
3 10 10 10
3 10 10 10
3 10 10 10
2 10 10
2 10 10
5 10 10 10 10 10
2 10 10
2 10 10
28
4 10 10 10 10
1 10
1 10
5 10 10 10 10 10
5 10 10 10 10 10
5 10 10 10 10 10
5 10 10 10 10 10
3 10 10 10
3 10 10 10
3 10 10 10
2 10 10
2 10 10
5 10 10 10 10 10
2 10 10
2 10 10
29
4 10 10 10 10
1 10
1 10
5 10 10 10 10 10
5 10 10 10 10 10
5 10 10 10 10 10
5 10 10 10 10 10
3 10 10 10
3 10 10 10
3 10 10 10
2 10 10
2 10 10
5 10 10 10 10 10
2 10 10
2 10 10
30
4 10 10 10 10
1 10
1 10
5 10 10 10 10 10
5 10 10 10 10 10
5 10 10 10 10 10
5 10 10 10 10 10
3 10 10 10
3 10 10 10
3 10 10 10
2 10 10
2 10 10
5 10 10 10 10 10
2 10 10
2 10 10
5 5 5 
10 10 10 10 10 10 10 10 10 10 10 10 10 10 10 
840 960 900 570 480 510 540 630 570 840 900 900 480 930 810 
910 970 910 660 570 600 630 680 620 890 930 930 570 960 840 
420 420 420 
1080 1080 1080 
