p-R101-P1C8-I4-V1.txt
1
8
10
0.5
90
10 1 2 3 4 5 6 7 8 9 10
5 1 2 3 4 5
1 1
1 1
1 1
3 1 2 3
1 1
2 1 2
2 1 2
60 30 58 50 72 31 22 60 
60 
30 
58 
50 
72 
31 
22 
60 
1
5 10 10 10 10 10
1 10
1 10
1 10
3 10 10 10
1 10
2 10 10
2 10 10
2
5 10 10 10 10 10
1 10
1 10
1 10
3 10 10 10
1 10
2 10 10
2 10 10
3
5 10 10 10 10 10
1 10
1 10
1 10
3 10 10 10
1 10
2 10 10
2 10 10
4
5 10 10 10 10 10
1 10
1 10
1 10
3 10 10 10
1 10
2 10 10
2 10 10
5
5 10 10 10 10 10
1 10
1 10
1 10
3 10 10 10
1 10
2 10 10
2 10 10
6
5 10 10 10 10 10
1 10
1 10
1 10
3 10 10 10
1 10
2 10 10
2 10 10
7
5 10 10 10 10 10
1 10
1 10
1 10
3 10 10 10
1 10
2 10 10
2 10 10
8
5 10 10 10 10 10
1 10
1 10
1 10
3 10 10 10
1 10
2 10 10
2 10 10
9
5 10 10 10 10 10
1 10
1 10
1 10
3 10 10 10
1 10
2 10 10
2 10 10
10
5 10 10 10 10 10
1 10
1 10
1 10
3 10 10 10
1 10
2 10 10
2 10 10
5 
10 10 10 10 10 10 10 10 
510 660 630 870 540 900 540 630 
700 690 660 900 650 930 610 700 
420 
1080 
