p-R101-P2C15-I2-V2.txt
2
15
20
0.5
90
10 1 2 3 4 5 6 7 8 9 10
10 11 12 13 14 15 16 17 18 19 20
2 1 2
4 1 2 3 4
4 1 2 3 4
1 1
3 1 2 3
1 1
2 1 2
5 1 2 3 4 5
2 1 2
2 1 2
4 1 2 3 4
1 1
2 1 2
2 1 2
3 1 2 3
67 60 64 30 64 50 67 30 63 36 64 36 44 72 31 
120 31 60 78 116 104 44 50 110 24 101 20 72 22 78 
67 120 
60 31 
64 60 
30 78 
64 116 
50 104 
67 44 
30 50 
63 110 
36 24 
64 101 
36 20 
44 72 
72 22 
31 78 
1
2 10 10
4 10 10 10 10
4 10 10 10 10
1 10
3 10 10 10
1 10
2 10 10
5 10 10 10 10 10
2 10 10
2 10 10
4 10 10 10 10
1 10
2 10 10
2 10 10
3 10 10 10
2
2 10 10
4 10 10 10 10
4 10 10 10 10
1 10
3 10 10 10
1 10
2 10 10
5 10 10 10 10 10
2 10 10
2 10 10
4 10 10 10 10
1 10
2 10 10
2 10 10
3 10 10 10
3
2 10 10
4 10 10 10 10
4 10 10 10 10
1 10
3 10 10 10
1 10
2 10 10
5 10 10 10 10 10
2 10 10
2 10 10
4 10 10 10 10
1 10
2 10 10
2 10 10
3 10 10 10
4
2 10 10
4 10 10 10 10
4 10 10 10 10
1 10
3 10 10 10
1 10
2 10 10
5 10 10 10 10 10
2 10 10
2 10 10
4 10 10 10 10
1 10
2 10 10
2 10 10
3 10 10 10
5
2 10 10
4 10 10 10 10
4 10 10 10 10
1 10
3 10 10 10
1 10
2 10 10
5 10 10 10 10 10
2 10 10
2 10 10
4 10 10 10 10
1 10
2 10 10
2 10 10
3 10 10 10
6
2 10 10
4 10 10 10 10
4 10 10 10 10
1 10
3 10 10 10
1 10
2 10 10
5 10 10 10 10 10
2 10 10
2 10 10
4 10 10 10 10
1 10
2 10 10
2 10 10
3 10 10 10
7
2 10 10
4 10 10 10 10
4 10 10 10 10
1 10
3 10 10 10
1 10
2 10 10
5 10 10 10 10 10
2 10 10
2 10 10
4 10 10 10 10
1 10
2 10 10
2 10 10
3 10 10 10
8
2 10 10
4 10 10 10 10
4 10 10 10 10
1 10
3 10 10 10
1 10
2 10 10
5 10 10 10 10 10
2 10 10
2 10 10
4 10 10 10 10
1 10
2 10 10
2 10 10
3 10 10 10
9
2 10 10
4 10 10 10 10
4 10 10 10 10
1 10
3 10 10 10
1 10
2 10 10
5 10 10 10 10 10
2 10 10
2 10 10
4 10 10 10 10
1 10
2 10 10
2 10 10
3 10 10 10
10
2 10 10
4 10 10 10 10
4 10 10 10 10
1 10
3 10 10 10
1 10
2 10 10
5 10 10 10 10 10
2 10 10
2 10 10
4 10 10 10 10
1 10
2 10 10
2 10 10
3 10 10 10
11
2 10 10
4 10 10 10 10
4 10 10 10 10
1 10
3 10 10 10
1 10
2 10 10
5 10 10 10 10 10
2 10 10
2 10 10
4 10 10 10 10
1 10
2 10 10
2 10 10
3 10 10 10
12
2 10 10
4 10 10 10 10
4 10 10 10 10
1 10
3 10 10 10
1 10
2 10 10
5 10 10 10 10 10
2 10 10
2 10 10
4 10 10 10 10
1 10
2 10 10
2 10 10
3 10 10 10
13
2 10 10
4 10 10 10 10
4 10 10 10 10
1 10
3 10 10 10
1 10
2 10 10
5 10 10 10 10 10
2 10 10
2 10 10
4 10 10 10 10
1 10
2 10 10
2 10 10
3 10 10 10
14
2 10 10
4 10 10 10 10
4 10 10 10 10
1 10
3 10 10 10
1 10
2 10 10
5 10 10 10 10 10
2 10 10
2 10 10
4 10 10 10 10
1 10
2 10 10
2 10 10
3 10 10 10
15
2 10 10
4 10 10 10 10
4 10 10 10 10
1 10
3 10 10 10
1 10
2 10 10
5 10 10 10 10 10
2 10 10
2 10 10
4 10 10 10 10
1 10
2 10 10
2 10 10
3 10 10 10
16
2 10 10
4 10 10 10 10
4 10 10 10 10
1 10
3 10 10 10
1 10
2 10 10
5 10 10 10 10 10
2 10 10
2 10 10
4 10 10 10 10
1 10
2 10 10
2 10 10
3 10 10 10
17
2 10 10
4 10 10 10 10
4 10 10 10 10
1 10
3 10 10 10
1 10
2 10 10
5 10 10 10 10 10
2 10 10
2 10 10
4 10 10 10 10
1 10
2 10 10
2 10 10
3 10 10 10
18
2 10 10
4 10 10 10 10
4 10 10 10 10
1 10
3 10 10 10
1 10
2 10 10
5 10 10 10 10 10
2 10 10
2 10 10
4 10 10 10 10
1 10
2 10 10
2 10 10
3 10 10 10
19
2 10 10
4 10 10 10 10
4 10 10 10 10
1 10
3 10 10 10
1 10
2 10 10
5 10 10 10 10 10
2 10 10
2 10 10
4 10 10 10 10
1 10
2 10 10
2 10 10
3 10 10 10
20
2 10 10
4 10 10 10 10
4 10 10 10 10
1 10
3 10 10 10
1 10
2 10 10
5 10 10 10 10 10
2 10 10
2 10 10
4 10 10 10 10
1 10
2 10 10
2 10 10
3 10 10 10
5 5 
10 10 10 10 10 10 10 10 10 10 10 10 10 10 10 
840 840 840 660 480 870 600 540 540 810 510 540 510 660 480 
870 910 910 670 530 880 630 630 570 840 580 550 540 690 530 
420 420 
1080 1080 
