p-R101-P1C5-I4-V2.txt
1
5
10
0.5
90
10 1 2 3 4 5 6 7 8 9 10
1 1
3 1 2 3
5 1 2 3 4 5
3 1 2 3
2 1 2
72 31 53 30 60 
72 
31 
53 
30 
60 
1
1 10
3 10 10 10
5 10 10 10 10 10
3 10 10 10
2 10 10
2
1 10
3 10 10 10
5 10 10 10 10 10
3 10 10 10
2 10 10
3
1 10
3 10 10 10
5 10 10 10 10 10
3 10 10 10
2 10 10
4
1 10
3 10 10 10
5 10 10 10 10 10
3 10 10 10
2 10 10
5
1 10
3 10 10 10
5 10 10 10 10 10
3 10 10 10
2 10 10
6
1 10
3 10 10 10
5 10 10 10 10 10
3 10 10 10
2 10 10
7
1 10
3 10 10 10
5 10 10 10 10 10
3 10 10 10
2 10 10
8
1 10
3 10 10 10
5 10 10 10 10 10
3 10 10 10
2 10 10
9
1 10
3 10 10 10
5 10 10 10 10 10
3 10 10 10
2 10 10
10
1 10
3 10 10 10
5 10 10 10 10 10
3 10 10 10
2 10 10
5 
10 10 10 10 10 
570 840 630 900 900 
600 950 820 1010 970 
420 
1080 
