p-R101-P2C15-I4-V1.txt
2
15
20
0.5
90
10 1 2 3 4 5 6 7 8 9 10
10 11 12 13 14 15 16 17 18 19 20
3 1 2 3
4 1 2 3 4
5 1 2 3 4 5
4 1 2 3 4
1 1
4 1 2 3 4
2 1 2
2 1 2
3 1 2 3
3 1 2 3
1 1
3 1 2 3
1 1
4 1 2 3 4
1 1
42 30 30 41 64 67 60 36 52 67 64 44 22 50 31 
63 85 84 22 22 92 22 70 46 110 80 102 41 90 44 
42 63 
30 85 
30 84 
41 22 
64 22 
67 92 
60 22 
36 70 
52 46 
67 110 
64 80 
44 102 
22 41 
50 90 
31 44 
1
3 10 10 10
4 10 10 10 10
5 10 10 10 10 10
4 10 10 10 10
1 10
4 10 10 10 10
2 10 10
2 10 10
3 10 10 10
3 10 10 10
1 10
3 10 10 10
1 10
4 10 10 10 10
1 10
2
3 10 10 10
4 10 10 10 10
5 10 10 10 10 10
4 10 10 10 10
1 10
4 10 10 10 10
2 10 10
2 10 10
3 10 10 10
3 10 10 10
1 10
3 10 10 10
1 10
4 10 10 10 10
1 10
3
3 10 10 10
4 10 10 10 10
5 10 10 10 10 10
4 10 10 10 10
1 10
4 10 10 10 10
2 10 10
2 10 10
3 10 10 10
3 10 10 10
1 10
3 10 10 10
1 10
4 10 10 10 10
1 10
4
3 10 10 10
4 10 10 10 10
5 10 10 10 10 10
4 10 10 10 10
1 10
4 10 10 10 10
2 10 10
2 10 10
3 10 10 10
3 10 10 10
1 10
3 10 10 10
1 10
4 10 10 10 10
1 10
5
3 10 10 10
4 10 10 10 10
5 10 10 10 10 10
4 10 10 10 10
1 10
4 10 10 10 10
2 10 10
2 10 10
3 10 10 10
3 10 10 10
1 10
3 10 10 10
1 10
4 10 10 10 10
1 10
6
3 10 10 10
4 10 10 10 10
5 10 10 10 10 10
4 10 10 10 10
1 10
4 10 10 10 10
2 10 10
2 10 10
3 10 10 10
3 10 10 10
1 10
3 10 10 10
1 10
4 10 10 10 10
1 10
7
3 10 10 10
4 10 10 10 10
5 10 10 10 10 10
4 10 10 10 10
1 10
4 10 10 10 10
2 10 10
2 10 10
3 10 10 10
3 10 10 10
1 10
3 10 10 10
1 10
4 10 10 10 10
1 10
8
3 10 10 10
4 10 10 10 10
5 10 10 10 10 10
4 10 10 10 10
1 10
4 10 10 10 10
2 10 10
2 10 10
3 10 10 10
3 10 10 10
1 10
3 10 10 10
1 10
4 10 10 10 10
1 10
9
3 10 10 10
4 10 10 10 10
5 10 10 10 10 10
4 10 10 10 10
1 10
4 10 10 10 10
2 10 10
2 10 10
3 10 10 10
3 10 10 10
1 10
3 10 10 10
1 10
4 10 10 10 10
1 10
10
3 10 10 10
4 10 10 10 10
5 10 10 10 10 10
4 10 10 10 10
1 10
4 10 10 10 10
2 10 10
2 10 10
3 10 10 10
3 10 10 10
1 10
3 10 10 10
1 10
4 10 10 10 10
1 10
11
3 10 10 10
4 10 10 10 10
5 10 10 10 10 10
4 10 10 10 10
1 10
4 10 10 10 10
2 10 10
2 10 10
3 10 10 10
3 10 10 10
1 10
3 10 10 10
1 10
4 10 10 10 10
1 10
12
3 10 10 10
4 10 10 10 10
5 10 10 10 10 10
4 10 10 10 10
1 10
4 10 10 10 10
2 10 10
2 10 10
3 10 10 10
3 10 10 10
1 10
3 10 10 10
1 10
4 10 10 10 10
1 10
13
3 10 10 10
4 10 10 10 10
5 10 10 10 10 10
4 10 10 10 10
1 10
4 10 10 10 10
2 10 10
2 10 10
3 10 10 10
3 10 10 10
1 10
3 10 10 10
1 10
4 10 10 10 10
1 10
14
3 10 10 10
4 10 10 10 10
5 10 10 10 10 10
4 10 10 10 10
1 10
4 10 10 10 10
2 10 10
2 10 10
3 10 10 10
3 10 10 10
1 10
3 10 10 10
1 10
4 10 10 10 10
1 10
15
3 10 10 10
4 10 10 10 10
5 10 10 10 10 10
4 10 10 10 10
1 10
4 10 10 10 10
2 10 10
2 10 10
3 10 10 10
3 10 10 10
1 10
3 10 10 10
1 10
4 10 10 10 10
1 10
16
3 10 10 10
4 10 10 10 10
5 10 10 10 10 10
4 10 10 10 10
1 10
4 10 10 10 10
2 10 10
2 10 10
3 10 10 10
3 10 10 10
1 10
3 10 10 10
1 10
4 10 10 10 10
1 10
17
3 10 10 10
4 10 10 10 10
5 10 10 10 10 10
4 10 10 10 10
1 10
4 10 10 10 10
2 10 10
2 10 10
3 10 10 10
3 10 10 10
1 10
3 10 10 10
1 10
4 10 10 10 10
1 10
18
3 10 10 10
4 10 10 10 10
5 10 10 10 10 10
4 10 10 10 10
1 10
4 10 10 10 10
2 10 10
2 10 10
3 10 10 10
3 10 10 10
1 10
3 10 10 10
1 10
4 10 10 10 10
1 10
19
3 10 10 10
4 10 10 10 10
5 10 10 10 10 10
4 10 10 10 10
1 10
4 10 10 10 10
2 10 10
2 10 10
3 10 10 10
3 10 10 10
1 10
3 10 10 10
1 10
4 10 10 10 10
1 10
20
3 10 10 10
4 10 10 10 10
5 10 10 10 10 10
4 10 10 10 10
1 10
4 10 10 10 10
2 10 10
2 10 10
3 10 10 10
3 10 10 10
1 10
3 10 10 10
1 10
4 10 10 10 10
1 10
5 5 
10 10 10 10 10 10 10 10 10 10 10 10 10 10 10 
540 540 510 630 510 480 570 570 540 900 660 570 600 660 570 
650 690 700 780 540 630 640 640 650 1010 690 680 630 810 600 
420 420 
1080 1080 
