p-R101-P3C15-I3-V3.txt
3
15
30
0.5
90
10 1 2 3 4 5 6 7 8 9 10
10 11 12 13 14 15 16 17 18 19 20
10 21 22 23 24 25 26 27 28 29 30
3 1 2 3
4 1 2 3 4
2 1 2
4 1 2 3 4
3 1 2 3
3 1 2 3
5 1 2 3 4 5
1 1
4 1 2 3 4
4 1 2 3 4
4 1 2 3 4
5 1 2 3 4 5
5 1 2 3 4 5
3 1 2 3
4 1 2 3 4
36 60 63 72 44 30 67 64 50 67 60 22 52 36 64 
65 120 106 111 104 90 76 63 101 121 70 40 27 82 116 
47 100 92 94 85 70 70 60 82 101 58 20 27 63 100 
36 65 47 
60 120 100 
63 106 92 
72 111 94 
44 104 85 
30 90 70 
67 76 70 
64 63 60 
50 101 82 
67 121 101 
60 70 58 
22 40 20 
52 27 27 
36 82 63 
64 116 100 
1
3 10 10 10
4 10 10 10 10
2 10 10
4 10 10 10 10
3 10 10 10
3 10 10 10
5 10 10 10 10 10
1 10
4 10 10 10 10
4 10 10 10 10
4 10 10 10 10
5 10 10 10 10 10
5 10 10 10 10 10
3 10 10 10
4 10 10 10 10
2
3 10 10 10
4 10 10 10 10
2 10 10
4 10 10 10 10
3 10 10 10
3 10 10 10
5 10 10 10 10 10
1 10
4 10 10 10 10
4 10 10 10 10
4 10 10 10 10
5 10 10 10 10 10
5 10 10 10 10 10
3 10 10 10
4 10 10 10 10
3
3 10 10 10
4 10 10 10 10
2 10 10
4 10 10 10 10
3 10 10 10
3 10 10 10
5 10 10 10 10 10
1 10
4 10 10 10 10
4 10 10 10 10
4 10 10 10 10
5 10 10 10 10 10
5 10 10 10 10 10
3 10 10 10
4 10 10 10 10
4
3 10 10 10
4 10 10 10 10
2 10 10
4 10 10 10 10
3 10 10 10
3 10 10 10
5 10 10 10 10 10
1 10
4 10 10 10 10
4 10 10 10 10
4 10 10 10 10
5 10 10 10 10 10
5 10 10 10 10 10
3 10 10 10
4 10 10 10 10
5
3 10 10 10
4 10 10 10 10
2 10 10
4 10 10 10 10
3 10 10 10
3 10 10 10
5 10 10 10 10 10
1 10
4 10 10 10 10
4 10 10 10 10
4 10 10 10 10
5 10 10 10 10 10
5 10 10 10 10 10
3 10 10 10
4 10 10 10 10
6
3 10 10 10
4 10 10 10 10
2 10 10
4 10 10 10 10
3 10 10 10
3 10 10 10
5 10 10 10 10 10
1 10
4 10 10 10 10
4 10 10 10 10
4 10 10 10 10
5 10 10 10 10 10
5 10 10 10 10 10
3 10 10 10
4 10 10 10 10
7
3 10 10 10
4 10 10 10 10
2 10 10
4 10 10 10 10
3 10 10 10
3 10 10 10
5 10 10 10 10 10
1 10
4 10 10 10 10
4 10 10 10 10
4 10 10 10 10
5 10 10 10 10 10
5 10 10 10 10 10
3 10 10 10
4 10 10 10 10
8
3 10 10 10
4 10 10 10 10
2 10 10
4 10 10 10 10
3 10 10 10
3 10 10 10
5 10 10 10 10 10
1 10
4 10 10 10 10
4 10 10 10 10
4 10 10 10 10
5 10 10 10 10 10
5 10 10 10 10 10
3 10 10 10
4 10 10 10 10
9
3 10 10 10
4 10 10 10 10
2 10 10
4 10 10 10 10
3 10 10 10
3 10 10 10
5 10 10 10 10 10
1 10
4 10 10 10 10
4 10 10 10 10
4 10 10 10 10
5 10 10 10 10 10
5 10 10 10 10 10
3 10 10 10
4 10 10 10 10
10
3 10 10 10
4 10 10 10 10
2 10 10
4 10 10 10 10
3 10 10 10
3 10 10 10
5 10 10 10 10 10
1 10
4 10 10 10 10
4 10 10 10 10
4 10 10 10 10
5 10 10 10 10 10
5 10 10 10 10 10
3 10 10 10
4 10 10 10 10
11
3 10 10 10
4 10 10 10 10
2 10 10
4 10 10 10 10
3 10 10 10
3 10 10 10
5 10 10 10 10 10
1 10
4 10 10 10 10
4 10 10 10 10
4 10 10 10 10
5 10 10 10 10 10
5 10 10 10 10 10
3 10 10 10
4 10 10 10 10
12
3 10 10 10
4 10 10 10 10
2 10 10
4 10 10 10 10
3 10 10 10
3 10 10 10
5 10 10 10 10 10
1 10
4 10 10 10 10
4 10 10 10 10
4 10 10 10 10
5 10 10 10 10 10
5 10 10 10 10 10
3 10 10 10
4 10 10 10 10
13
3 10 10 10
4 10 10 10 10
2 10 10
4 10 10 10 10
3 10 10 10
3 10 10 10
5 10 10 10 10 10
1 10
4 10 10 10 10
4 10 10 10 10
4 10 10 10 10
5 10 10 10 10 10
5 10 10 10 10 10
3 10 10 10
4 10 10 10 10
14
3 10 10 10
4 10 10 10 10
2 10 10
4 10 10 10 10
3 10 10 10
3 10 10 10
5 10 10 10 10 10
1 10
4 10 10 10 10
4 10 10 10 10
4 10 10 10 10
5 10 10 10 10 10
5 10 10 10 10 10
3 10 10 10
4 10 10 10 10
15
3 10 10 10
4 10 10 10 10
2 10 10
4 10 10 10 10
3 10 10 10
3 10 10 10
5 10 10 10 10 10
1 10
4 10 10 10 10
4 10 10 10 10
4 10 10 10 10
5 10 10 10 10 10
5 10 10 10 10 10
3 10 10 10
4 10 10 10 10
16
3 10 10 10
4 10 10 10 10
2 10 10
4 10 10 10 10
3 10 10 10
3 10 10 10
5 10 10 10 10 10
1 10
4 10 10 10 10
4 10 10 10 10
4 10 10 10 10
5 10 10 10 10 10
5 10 10 10 10 10
3 10 10 10
4 10 10 10 10
17
3 10 10 10
4 10 10 10 10
2 10 10
4 10 10 10 10
3 10 10 10
3 10 10 10
5 10 10 10 10 10
1 10
4 10 10 10 10
4 10 10 10 10
4 10 10 10 10
5 10 10 10 10 10
5 10 10 10 10 10
3 10 10 10
4 10 10 10 10
18
3 10 10 10
4 10 10 10 10
2 10 10
4 10 10 10 10
3 10 10 10
3 10 10 10
5 10 10 10 10 10
1 10
4 10 10 10 10
4 10 10 10 10
4 10 10 10 10
5 10 10 10 10 10
5 10 10 10 10 10
3 10 10 10
4 10 10 10 10
19
3 10 10 10
4 10 10 10 10
2 10 10
4 10 10 10 10
3 10 10 10
3 10 10 10
5 10 10 10 10 10
1 10
4 10 10 10 10
4 10 10 10 10
4 10 10 10 10
5 10 10 10 10 10
5 10 10 10 10 10
3 10 10 10
4 10 10 10 10
20
3 10 10 10
4 10 10 10 10
2 10 10
4 10 10 10 10
3 10 10 10
3 10 10 10
5 10 10 10 10 10
1 10
4 10 10 10 10
4 10 10 10 10
4 10 10 10 10
5 10 10 10 10 10
5 10 10 10 10 10
3 10 10 10
4 10 10 10 10
21
3 10 10 10
4 10 10 10 10
2 10 10
4 10 10 10 10
3 10 10 10
3 10 10 10
5 10 10 10 10 10
1 10
4 10 10 10 10
4 10 10 10 10
4 10 10 10 10
5 10 10 10 10 10
5 10 10 10 10 10
3 10 10 10
4 10 10 10 10
22
3 10 10 10
4 10 10 10 10
2 10 10
4 10 10 10 10
3 10 10 10
3 10 10 10
5 10 10 10 10 10
1 10
4 10 10 10 10
4 10 10 10 10
4 10 10 10 10
5 10 10 10 10 10
5 10 10 10 10 10
3 10 10 10
4 10 10 10 10
23
3 10 10 10
4 10 10 10 10
2 10 10
4 10 10 10 10
3 10 10 10
3 10 10 10
5 10 10 10 10 10
1 10
4 10 10 10 10
4 10 10 10 10
4 10 10 10 10
5 10 10 10 10 10
5 10 10 10 10 10
3 10 10 10
4 10 10 10 10
24
3 10 10 10
4 10 10 10 10
2 10 10
4 10 10 10 10
3 10 10 10
3 10 10 10
5 10 10 10 10 10
1 10
4 10 10 10 10
4 10 10 10 10
4 10 10 10 10
5 10 10 10 10 10
5 10 10 10 10 10
3 10 10 10
4 10 10 10 10
25
3 10 10 10
4 10 10 10 10
2 10 10
4 10 10 10 10
3 10 10 10
3 10 10 10
5 10 10 10 10 10
1 10
4 10 10 10 10
4 10 10 10 10
4 10 10 10 10
5 10 10 10 10 10
5 10 10 10 10 10
3 10 10 10
4 10 10 10 10
26
3 10 10 10
4 10 10 10 10
2 10 10
4 10 10 10 10
3 10 10 10
3 10 10 10
5 10 10 10 10 10
1 10
4 10 10 10 10
4 10 10 10 10
4 10 10 10 10
5 10 10 10 10 10
5 10 10 10 10 10
3 10 10 10
4 10 10 10 10
27
3 10 10 10
4 10 10 10 10
2 10 10
4 10 10 10 10
3 10 10 10
3 10 10 10
5 10 10 10 10 10
1 10
4 10 10 10 10
4 10 10 10 10
4 10 10 10 10
5 10 10 10 10 10
5 10 10 10 10 10
3 10 10 10
4 10 10 10 10
28
3 10 10 10
4 10 10 10 10
2 10 10
4 10 10 10 10
3 10 10 10
3 10 10 10
5 10 10 10 10 10
1 10
4 10 10 10 10
4 10 10 10 10
4 10 10 10 10
5 10 10 10 10 10
5 10 10 10 10 10
3 10 10 10
4 10 10 10 10
29
3 10 10 10
4 10 10 10 10
2 10 10
4 10 10 10 10
3 10 10 10
3 10 10 10
5 10 10 10 10 10
1 10
4 10 10 10 10
4 10 10 10 10
4 10 10 10 10
5 10 10 10 10 10
5 10 10 10 10 10
3 10 10 10
4 10 10 10 10
30
3 10 10 10
4 10 10 10 10
2 10 10
4 10 10 10 10
3 10 10 10
3 10 10 10
5 10 10 10 10 10
1 10
4 10 10 10 10
4 10 10 10 10
4 10 10 10 10
5 10 10 10 10 10
5 10 10 10 10 10
3 10 10 10
4 10 10 10 10
5 5 5 
10 10 10 10 10 10 10 10 10 10 10 10 10 10 10 
570 480 840 660 600 510 510 930 540 570 810 570 810 810 570 
650 590 890 770 680 590 650 950 650 680 920 710 950 890 680 
420 420 420 
1080 1080 1080 
