p-R101-P2C15-I4-V3.txt
2
15
20
0.5
90
10 1 2 3 4 5 6 7 8 9 10
10 11 12 13 14 15 16 17 18 19 20
5 1 2 3 4 5
5 1 2 3 4 5
4 1 2 3 4
1 1
5 1 2 3 4 5
2 1 2
4 1 2 3 4
2 1 2
5 1 2 3 4 5
3 1 2 3
2 1 2
2 1 2
3 1 2 3
4 1 2 3 4
5 1 2 3 4 5
22 60 58 31 50 36 30 67 72 53 60 50 64 41 36 
76 63 80 41 30 100 56 14 136 116 111 113 100 60 94 
22 76 
60 63 
58 80 
31 41 
50 30 
36 100 
30 56 
67 14 
72 136 
53 116 
60 111 
50 113 
64 100 
41 60 
36 94 
1
5 10 10 10 10 10
5 10 10 10 10 10
4 10 10 10 10
1 10
5 10 10 10 10 10
2 10 10
4 10 10 10 10
2 10 10
5 10 10 10 10 10
3 10 10 10
2 10 10
2 10 10
3 10 10 10
4 10 10 10 10
5 10 10 10 10 10
2
5 10 10 10 10 10
5 10 10 10 10 10
4 10 10 10 10
1 10
5 10 10 10 10 10
2 10 10
4 10 10 10 10
2 10 10
5 10 10 10 10 10
3 10 10 10
2 10 10
2 10 10
3 10 10 10
4 10 10 10 10
5 10 10 10 10 10
3
5 10 10 10 10 10
5 10 10 10 10 10
4 10 10 10 10
1 10
5 10 10 10 10 10
2 10 10
4 10 10 10 10
2 10 10
5 10 10 10 10 10
3 10 10 10
2 10 10
2 10 10
3 10 10 10
4 10 10 10 10
5 10 10 10 10 10
4
5 10 10 10 10 10
5 10 10 10 10 10
4 10 10 10 10
1 10
5 10 10 10 10 10
2 10 10
4 10 10 10 10
2 10 10
5 10 10 10 10 10
3 10 10 10
2 10 10
2 10 10
3 10 10 10
4 10 10 10 10
5 10 10 10 10 10
5
5 10 10 10 10 10
5 10 10 10 10 10
4 10 10 10 10
1 10
5 10 10 10 10 10
2 10 10
4 10 10 10 10
2 10 10
5 10 10 10 10 10
3 10 10 10
2 10 10
2 10 10
3 10 10 10
4 10 10 10 10
5 10 10 10 10 10
6
5 10 10 10 10 10
5 10 10 10 10 10
4 10 10 10 10
1 10
5 10 10 10 10 10
2 10 10
4 10 10 10 10
2 10 10
5 10 10 10 10 10
3 10 10 10
2 10 10
2 10 10
3 10 10 10
4 10 10 10 10
5 10 10 10 10 10
7
5 10 10 10 10 10
5 10 10 10 10 10
4 10 10 10 10
1 10
5 10 10 10 10 10
2 10 10
4 10 10 10 10
2 10 10
5 10 10 10 10 10
3 10 10 10
2 10 10
2 10 10
3 10 10 10
4 10 10 10 10
5 10 10 10 10 10
8
5 10 10 10 10 10
5 10 10 10 10 10
4 10 10 10 10
1 10
5 10 10 10 10 10
2 10 10
4 10 10 10 10
2 10 10
5 10 10 10 10 10
3 10 10 10
2 10 10
2 10 10
3 10 10 10
4 10 10 10 10
5 10 10 10 10 10
9
5 10 10 10 10 10
5 10 10 10 10 10
4 10 10 10 10
1 10
5 10 10 10 10 10
2 10 10
4 10 10 10 10
2 10 10
5 10 10 10 10 10
3 10 10 10
2 10 10
2 10 10
3 10 10 10
4 10 10 10 10
5 10 10 10 10 10
10
5 10 10 10 10 10
5 10 10 10 10 10
4 10 10 10 10
1 10
5 10 10 10 10 10
2 10 10
4 10 10 10 10
2 10 10
5 10 10 10 10 10
3 10 10 10
2 10 10
2 10 10
3 10 10 10
4 10 10 10 10
5 10 10 10 10 10
11
5 10 10 10 10 10
5 10 10 10 10 10
4 10 10 10 10
1 10
5 10 10 10 10 10
2 10 10
4 10 10 10 10
2 10 10
5 10 10 10 10 10
3 10 10 10
2 10 10
2 10 10
3 10 10 10
4 10 10 10 10
5 10 10 10 10 10
12
5 10 10 10 10 10
5 10 10 10 10 10
4 10 10 10 10
1 10
5 10 10 10 10 10
2 10 10
4 10 10 10 10
2 10 10
5 10 10 10 10 10
3 10 10 10
2 10 10
2 10 10
3 10 10 10
4 10 10 10 10
5 10 10 10 10 10
13
5 10 10 10 10 10
5 10 10 10 10 10
4 10 10 10 10
1 10
5 10 10 10 10 10
2 10 10
4 10 10 10 10
2 10 10
5 10 10 10 10 10
3 10 10 10
2 10 10
2 10 10
3 10 10 10
4 10 10 10 10
5 10 10 10 10 10
14
5 10 10 10 10 10
5 10 10 10 10 10
4 10 10 10 10
1 10
5 10 10 10 10 10
2 10 10
4 10 10 10 10
2 10 10
5 10 10 10 10 10
3 10 10 10
2 10 10
2 10 10
3 10 10 10
4 10 10 10 10
5 10 10 10 10 10
15
5 10 10 10 10 10
5 10 10 10 10 10
4 10 10 10 10
1 10
5 10 10 10 10 10
2 10 10
4 10 10 10 10
2 10 10
5 10 10 10 10 10
3 10 10 10
2 10 10
2 10 10
3 10 10 10
4 10 10 10 10
5 10 10 10 10 10
16
5 10 10 10 10 10
5 10 10 10 10 10
4 10 10 10 10
1 10
5 10 10 10 10 10
2 10 10
4 10 10 10 10
2 10 10
5 10 10 10 10 10
3 10 10 10
2 10 10
2 10 10
3 10 10 10
4 10 10 10 10
5 10 10 10 10 10
17
5 10 10 10 10 10
5 10 10 10 10 10
4 10 10 10 10
1 10
5 10 10 10 10 10
2 10 10
4 10 10 10 10
2 10 10
5 10 10 10 10 10
3 10 10 10
2 10 10
2 10 10
3 10 10 10
4 10 10 10 10
5 10 10 10 10 10
18
5 10 10 10 10 10
5 10 10 10 10 10
4 10 10 10 10
1 10
5 10 10 10 10 10
2 10 10
4 10 10 10 10
2 10 10
5 10 10 10 10 10
3 10 10 10
2 10 10
2 10 10
3 10 10 10
4 10 10 10 10
5 10 10 10 10 10
19
5 10 10 10 10 10
5 10 10 10 10 10
4 10 10 10 10
1 10
5 10 10 10 10 10
2 10 10
4 10 10 10 10
2 10 10
5 10 10 10 10 10
3 10 10 10
2 10 10
2 10 10
3 10 10 10
4 10 10 10 10
5 10 10 10 10 10
20
5 10 10 10 10 10
5 10 10 10 10 10
4 10 10 10 10
1 10
5 10 10 10 10 10
2 10 10
4 10 10 10 10
2 10 10
5 10 10 10 10 10
3 10 10 10
2 10 10
2 10 10
3 10 10 10
4 10 10 10 10
5 10 10 10 10 10
5 5 
10 10 10 10 10 10 10 10 10 10 10 10 10 10 10 
630 480 480 900 510 930 480 660 510 870 930 630 480 660 480 
820 670 630 930 700 1000 630 730 700 980 1000 700 590 810 670 
420 420 
1080 1080 
