p-R101-P2C10-I3-V3.txt
2
10
20
0.5
90
10 1 2 3 4 5 6 7 8 9 10
10 11 12 13 14 15 16 17 18 19 20
5 1 2 3 4 5
3 1 2 3
4 1 2 3 4
2 1 2
3 1 2 3
4 1 2 3 4
2 1 2
2 1 2
1 1
4 1 2 3 4
50 67 30 64 50 52 30 64 60 72 
44 50 45 80 80 20 60 60 36 98 
50 44 
67 50 
30 45 
64 80 
50 80 
52 20 
30 60 
64 60 
60 36 
72 98 
1
5 10 10 10 10 10
3 10 10 10
4 10 10 10 10
2 10 10
3 10 10 10
4 10 10 10 10
2 10 10
2 10 10
1 10
4 10 10 10 10
2
5 10 10 10 10 10
3 10 10 10
4 10 10 10 10
2 10 10
3 10 10 10
4 10 10 10 10
2 10 10
2 10 10
1 10
4 10 10 10 10
3
5 10 10 10 10 10
3 10 10 10
4 10 10 10 10
2 10 10
3 10 10 10
4 10 10 10 10
2 10 10
2 10 10
1 10
4 10 10 10 10
4
5 10 10 10 10 10
3 10 10 10
4 10 10 10 10
2 10 10
3 10 10 10
4 10 10 10 10
2 10 10
2 10 10
1 10
4 10 10 10 10
5
5 10 10 10 10 10
3 10 10 10
4 10 10 10 10
2 10 10
3 10 10 10
4 10 10 10 10
2 10 10
2 10 10
1 10
4 10 10 10 10
6
5 10 10 10 10 10
3 10 10 10
4 10 10 10 10
2 10 10
3 10 10 10
4 10 10 10 10
2 10 10
2 10 10
1 10
4 10 10 10 10
7
5 10 10 10 10 10
3 10 10 10
4 10 10 10 10
2 10 10
3 10 10 10
4 10 10 10 10
2 10 10
2 10 10
1 10
4 10 10 10 10
8
5 10 10 10 10 10
3 10 10 10
4 10 10 10 10
2 10 10
3 10 10 10
4 10 10 10 10
2 10 10
2 10 10
1 10
4 10 10 10 10
9
5 10 10 10 10 10
3 10 10 10
4 10 10 10 10
2 10 10
3 10 10 10
4 10 10 10 10
2 10 10
2 10 10
1 10
4 10 10 10 10
10
5 10 10 10 10 10
3 10 10 10
4 10 10 10 10
2 10 10
3 10 10 10
4 10 10 10 10
2 10 10
2 10 10
1 10
4 10 10 10 10
11
5 10 10 10 10 10
3 10 10 10
4 10 10 10 10
2 10 10
3 10 10 10
4 10 10 10 10
2 10 10
2 10 10
1 10
4 10 10 10 10
12
5 10 10 10 10 10
3 10 10 10
4 10 10 10 10
2 10 10
3 10 10 10
4 10 10 10 10
2 10 10
2 10 10
1 10
4 10 10 10 10
13
5 10 10 10 10 10
3 10 10 10
4 10 10 10 10
2 10 10
3 10 10 10
4 10 10 10 10
2 10 10
2 10 10
1 10
4 10 10 10 10
14
5 10 10 10 10 10
3 10 10 10
4 10 10 10 10
2 10 10
3 10 10 10
4 10 10 10 10
2 10 10
2 10 10
1 10
4 10 10 10 10
15
5 10 10 10 10 10
3 10 10 10
4 10 10 10 10
2 10 10
3 10 10 10
4 10 10 10 10
2 10 10
2 10 10
1 10
4 10 10 10 10
16
5 10 10 10 10 10
3 10 10 10
4 10 10 10 10
2 10 10
3 10 10 10
4 10 10 10 10
2 10 10
2 10 10
1 10
4 10 10 10 10
17
5 10 10 10 10 10
3 10 10 10
4 10 10 10 10
2 10 10
3 10 10 10
4 10 10 10 10
2 10 10
2 10 10
1 10
4 10 10 10 10
18
5 10 10 10 10 10
3 10 10 10
4 10 10 10 10
2 10 10
3 10 10 10
4 10 10 10 10
2 10 10
2 10 10
1 10
4 10 10 10 10
19
5 10 10 10 10 10
3 10 10 10
4 10 10 10 10
2 10 10
3 10 10 10
4 10 10 10 10
2 10 10
2 10 10
1 10
4 10 10 10 10
20
5 10 10 10 10 10
3 10 10 10
4 10 10 10 10
2 10 10
3 10 10 10
4 10 10 10 10
2 10 10
2 10 10
1 10
4 10 10 10 10
5 5 
10 10 10 10 10 10 10 10 10 10 
540 930 480 930 480 540 630 930 690 540 
680 1010 590 980 560 650 680 980 710 650 
420 420 
1080 1080 
