p-R101-P1C8-I4-V3.txt
1
8
10
0.5
90
10 1 2 3 4 5 6 7 8 9 10
4 1 2 3 4
2 1 2
3 1 2 3
5 1 2 3 4 5
2 1 2
2 1 2
2 1 2
5 1 2 3 4 5
67 50 50 22 64 64 60 36 
67 
50 
50 
22 
64 
64 
60 
36 
1
4 10 10 10 10
2 10 10
3 10 10 10
5 10 10 10 10 10
2 10 10
2 10 10
2 10 10
5 10 10 10 10 10
2
4 10 10 10 10
2 10 10
3 10 10 10
5 10 10 10 10 10
2 10 10
2 10 10
2 10 10
5 10 10 10 10 10
3
4 10 10 10 10
2 10 10
3 10 10 10
5 10 10 10 10 10
2 10 10
2 10 10
2 10 10
5 10 10 10 10 10
4
4 10 10 10 10
2 10 10
3 10 10 10
5 10 10 10 10 10
2 10 10
2 10 10
2 10 10
5 10 10 10 10 10
5
4 10 10 10 10
2 10 10
3 10 10 10
5 10 10 10 10 10
2 10 10
2 10 10
2 10 10
5 10 10 10 10 10
6
4 10 10 10 10
2 10 10
3 10 10 10
5 10 10 10 10 10
2 10 10
2 10 10
2 10 10
5 10 10 10 10 10
7
4 10 10 10 10
2 10 10
3 10 10 10
5 10 10 10 10 10
2 10 10
2 10 10
2 10 10
5 10 10 10 10 10
8
4 10 10 10 10
2 10 10
3 10 10 10
5 10 10 10 10 10
2 10 10
2 10 10
2 10 10
5 10 10 10 10 10
9
4 10 10 10 10
2 10 10
3 10 10 10
5 10 10 10 10 10
2 10 10
2 10 10
2 10 10
5 10 10 10 10 10
10
4 10 10 10 10
2 10 10
3 10 10 10
5 10 10 10 10 10
2 10 10
2 10 10
2 10 10
5 10 10 10 10 10
5 
10 10 10 10 10 10 10 10 
630 840 810 810 510 630 600 480 
780 910 920 1000 580 700 670 670 
420 
1080 
