p-R101-P1C8-I2-V3.txt
1
8
10
0.5
90
10 1 2 3 4 5 6 7 8 9 10
2 1 2
1 1
4 1 2 3 4
3 1 2 3
3 1 2 3
4 1 2 3 4
3 1 2 3
1 1
30 52 60 72 22 50 60 36 
30 
52 
60 
72 
22 
50 
60 
36 
1
2 10 10
1 10
4 10 10 10 10
3 10 10 10
3 10 10 10
4 10 10 10 10
3 10 10 10
1 10
2
2 10 10
1 10
4 10 10 10 10
3 10 10 10
3 10 10 10
4 10 10 10 10
3 10 10 10
1 10
3
2 10 10
1 10
4 10 10 10 10
3 10 10 10
3 10 10 10
4 10 10 10 10
3 10 10 10
1 10
4
2 10 10
1 10
4 10 10 10 10
3 10 10 10
3 10 10 10
4 10 10 10 10
3 10 10 10
1 10
5
2 10 10
1 10
4 10 10 10 10
3 10 10 10
3 10 10 10
4 10 10 10 10
3 10 10 10
1 10
6
2 10 10
1 10
4 10 10 10 10
3 10 10 10
3 10 10 10
4 10 10 10 10
3 10 10 10
1 10
7
2 10 10
1 10
4 10 10 10 10
3 10 10 10
3 10 10 10
4 10 10 10 10
3 10 10 10
1 10
8
2 10 10
1 10
4 10 10 10 10
3 10 10 10
3 10 10 10
4 10 10 10 10
3 10 10 10
1 10
9
2 10 10
1 10
4 10 10 10 10
3 10 10 10
3 10 10 10
4 10 10 10 10
3 10 10 10
1 10
10
2 10 10
1 10
4 10 10 10 10
3 10 10 10
3 10 10 10
4 10 10 10 10
3 10 10 10
1 10
5 
10 10 10 10 10 10 10 10 
870 660 570 930 900 900 480 840 
900 670 640 980 950 970 530 850 
420 
1080 
