p-R101-P1C8-I3-V2.txt
1
8
10
0.5
90
10 1 2 3 4 5 6 7 8 9 10
2 1 2
5 1 2 3 4 5
1 1
5 1 2 3 4 5
2 1 2
1 1
5 1 2 3 4 5
4 1 2 3 4
31 64 60 72 50 60 22 30 
31 
64 
60 
72 
50 
60 
22 
30 
1
2 10 10
5 10 10 10 10 10
1 10
5 10 10 10 10 10
2 10 10
1 10
5 10 10 10 10 10
4 10 10 10 10
2
2 10 10
5 10 10 10 10 10
1 10
5 10 10 10 10 10
2 10 10
1 10
5 10 10 10 10 10
4 10 10 10 10
3
2 10 10
5 10 10 10 10 10
1 10
5 10 10 10 10 10
2 10 10
1 10
5 10 10 10 10 10
4 10 10 10 10
4
2 10 10
5 10 10 10 10 10
1 10
5 10 10 10 10 10
2 10 10
1 10
5 10 10 10 10 10
4 10 10 10 10
5
2 10 10
5 10 10 10 10 10
1 10
5 10 10 10 10 10
2 10 10
1 10
5 10 10 10 10 10
4 10 10 10 10
6
2 10 10
5 10 10 10 10 10
1 10
5 10 10 10 10 10
2 10 10
1 10
5 10 10 10 10 10
4 10 10 10 10
7
2 10 10
5 10 10 10 10 10
1 10
5 10 10 10 10 10
2 10 10
1 10
5 10 10 10 10 10
4 10 10 10 10
8
2 10 10
5 10 10 10 10 10
1 10
5 10 10 10 10 10
2 10 10
1 10
5 10 10 10 10 10
4 10 10 10 10
9
2 10 10
5 10 10 10 10 10
1 10
5 10 10 10 10 10
2 10 10
1 10
5 10 10 10 10 10
4 10 10 10 10
10
2 10 10
5 10 10 10 10 10
1 10
5 10 10 10 10 10
2 10 10
1 10
5 10 10 10 10 10
4 10 10 10 10
5 
10 10 10 10 10 10 10 10 
570 570 930 510 630 990 570 600 
620 710 950 650 680 1010 710 710 
420 
1080 
