p-R101-P1C8-I3-V3.txt
1
8
10
0.5
90
10 1 2 3 4 5 6 7 8 9 10
2 1 2
4 1 2 3 4
1 1
4 1 2 3 4
1 1
3 1 2 3
3 1 2 3
4 1 2 3 4
30 72 60 31 50 64 52 41 
30 
72 
60 
31 
50 
64 
52 
41 
1
2 10 10
4 10 10 10 10
1 10
4 10 10 10 10
1 10
3 10 10 10
3 10 10 10
4 10 10 10 10
2
2 10 10
4 10 10 10 10
1 10
4 10 10 10 10
1 10
3 10 10 10
3 10 10 10
4 10 10 10 10
3
2 10 10
4 10 10 10 10
1 10
4 10 10 10 10
1 10
3 10 10 10
3 10 10 10
4 10 10 10 10
4
2 10 10
4 10 10 10 10
1 10
4 10 10 10 10
1 10
3 10 10 10
3 10 10 10
4 10 10 10 10
5
2 10 10
4 10 10 10 10
1 10
4 10 10 10 10
1 10
3 10 10 10
3 10 10 10
4 10 10 10 10
6
2 10 10
4 10 10 10 10
1 10
4 10 10 10 10
1 10
3 10 10 10
3 10 10 10
4 10 10 10 10
7
2 10 10
4 10 10 10 10
1 10
4 10 10 10 10
1 10
3 10 10 10
3 10 10 10
4 10 10 10 10
8
2 10 10
4 10 10 10 10
1 10
4 10 10 10 10
1 10
3 10 10 10
3 10 10 10
4 10 10 10 10
9
2 10 10
4 10 10 10 10
1 10
4 10 10 10 10
1 10
3 10 10 10
3 10 10 10
4 10 10 10 10
10
2 10 10
4 10 10 10 10
1 10
4 10 10 10 10
1 10
3 10 10 10
3 10 10 10
4 10 10 10 10
5 
10 10 10 10 10 10 10 10 
960 480 660 660 630 810 480 510 
1010 590 680 770 650 890 560 620 
420 
1080 
