p-R101-P1C8-I2-V2.txt
1
8
10
0.5
90
10 1 2 3 4 5 6 7 8 9 10
2 1 2
5 1 2 3 4 5
5 1 2 3 4 5
3 1 2 3
4 1 2 3 4
3 1 2 3
4 1 2 3 4
4 1 2 3 4
58 50 22 67 64 41 30 60 
58 
50 
22 
67 
64 
41 
30 
60 
1
2 10 10
5 10 10 10 10 10
5 10 10 10 10 10
3 10 10 10
4 10 10 10 10
3 10 10 10
4 10 10 10 10
4 10 10 10 10
2
2 10 10
5 10 10 10 10 10
5 10 10 10 10 10
3 10 10 10
4 10 10 10 10
3 10 10 10
4 10 10 10 10
4 10 10 10 10
3
2 10 10
5 10 10 10 10 10
5 10 10 10 10 10
3 10 10 10
4 10 10 10 10
3 10 10 10
4 10 10 10 10
4 10 10 10 10
4
2 10 10
5 10 10 10 10 10
5 10 10 10 10 10
3 10 10 10
4 10 10 10 10
3 10 10 10
4 10 10 10 10
4 10 10 10 10
5
2 10 10
5 10 10 10 10 10
5 10 10 10 10 10
3 10 10 10
4 10 10 10 10
3 10 10 10
4 10 10 10 10
4 10 10 10 10
6
2 10 10
5 10 10 10 10 10
5 10 10 10 10 10
3 10 10 10
4 10 10 10 10
3 10 10 10
4 10 10 10 10
4 10 10 10 10
7
2 10 10
5 10 10 10 10 10
5 10 10 10 10 10
3 10 10 10
4 10 10 10 10
3 10 10 10
4 10 10 10 10
4 10 10 10 10
8
2 10 10
5 10 10 10 10 10
5 10 10 10 10 10
3 10 10 10
4 10 10 10 10
3 10 10 10
4 10 10 10 10
4 10 10 10 10
9
2 10 10
5 10 10 10 10 10
5 10 10 10 10 10
3 10 10 10
4 10 10 10 10
3 10 10 10
4 10 10 10 10
4 10 10 10 10
10
2 10 10
5 10 10 10 10 10
5 10 10 10 10 10
3 10 10 10
4 10 10 10 10
3 10 10 10
4 10 10 10 10
4 10 10 10 10
5 
10 10 10 10 10 10 10 10 
960 900 840 930 600 600 840 810 
990 990 930 980 670 650 910 880 
420 
1080 
