p-R101-P1C8-I4-V2.txt
1
8
10
0.5
90
10 1 2 3 4 5 6 7 8 9 10
4 1 2 3 4
3 1 2 3
5 1 2 3 4 5
3 1 2 3
3 1 2 3
5 1 2 3 4 5
2 1 2
1 1
53 50 64 60 72 36 22 30 
53 
50 
64 
60 
72 
36 
22 
30 
1
4 10 10 10 10
3 10 10 10
5 10 10 10 10 10
3 10 10 10
3 10 10 10
5 10 10 10 10 10
2 10 10
1 10
2
4 10 10 10 10
3 10 10 10
5 10 10 10 10 10
3 10 10 10
3 10 10 10
5 10 10 10 10 10
2 10 10
1 10
3
4 10 10 10 10
3 10 10 10
5 10 10 10 10 10
3 10 10 10
3 10 10 10
5 10 10 10 10 10
2 10 10
1 10
4
4 10 10 10 10
3 10 10 10
5 10 10 10 10 10
3 10 10 10
3 10 10 10
5 10 10 10 10 10
2 10 10
1 10
5
4 10 10 10 10
3 10 10 10
5 10 10 10 10 10
3 10 10 10
3 10 10 10
5 10 10 10 10 10
2 10 10
1 10
6
4 10 10 10 10
3 10 10 10
5 10 10 10 10 10
3 10 10 10
3 10 10 10
5 10 10 10 10 10
2 10 10
1 10
7
4 10 10 10 10
3 10 10 10
5 10 10 10 10 10
3 10 10 10
3 10 10 10
5 10 10 10 10 10
2 10 10
1 10
8
4 10 10 10 10
3 10 10 10
5 10 10 10 10 10
3 10 10 10
3 10 10 10
5 10 10 10 10 10
2 10 10
1 10
9
4 10 10 10 10
3 10 10 10
5 10 10 10 10 10
3 10 10 10
3 10 10 10
5 10 10 10 10 10
2 10 10
1 10
10
4 10 10 10 10
3 10 10 10
5 10 10 10 10 10
3 10 10 10
3 10 10 10
5 10 10 10 10 10
2 10 10
1 10
5 
10 10 10 10 10 10 10 10 
540 600 510 900 900 540 570 630 
690 710 700 1010 1010 730 640 660 
420 
1080 
