p-R101-P1C5-I3-V1.txt
1
5
10
0.5
90
10 1 2 3 4 5 6 7 8 9 10
2 1 2
2 1 2
1 1
5 1 2 3 4 5
4 1 2 3 4
64 22 64 50 31 
64 
22 
64 
50 
31 
1
2 10 10
2 10 10
1 10
5 10 10 10 10 10
4 10 10 10 10
2
2 10 10
2 10 10
1 10
5 10 10 10 10 10
4 10 10 10 10
3
2 10 10
2 10 10
1 10
5 10 10 10 10 10
4 10 10 10 10
4
2 10 10
2 10 10
1 10
5 10 10 10 10 10
4 10 10 10 10
5
2 10 10
2 10 10
1 10
5 10 10 10 10 10
4 10 10 10 10
6
2 10 10
2 10 10
1 10
5 10 10 10 10 10
4 10 10 10 10
7
2 10 10
2 10 10
1 10
5 10 10 10 10 10
4 10 10 10 10
8
2 10 10
2 10 10
1 10
5 10 10 10 10 10
4 10 10 10 10
9
2 10 10
2 10 10
1 10
5 10 10 10 10 10
4 10 10 10 10
10
2 10 10
2 10 10
1 10
5 10 10 10 10 10
4 10 10 10 10
5 
10 10 10 10 10 
540 840 510 540 870 
590 890 530 680 980 
420 
1080 
