p-R101-P3C15-I2-V2.txt
3
15
30
0.5
90
10 1 2 3 4 5 6 7 8 9 10
10 11 12 13 14 15 16 17 18 19 20
10 21 22 23 24 25 26 27 28 29 30
5 1 2 3 4 5
4 1 2 3 4
3 1 2 3
1 1
1 1
5 1 2 3 4 5
3 1 2 3
4 1 2 3 4
2 1 2
2 1 2
2 1 2
3 1 2 3
4 1 2 3 4
3 1 2 3
1 1
72 64 60 58 22 67 22 67 42 41 30 36 64 44 50 
63 53 92 114 80 108 72 30 94 100 55 69 111 28 86 
121 22 123 114 80 50 85 98 58 92 32 98 125 44 31 
72 63 121 
64 53 22 
60 92 123 
58 114 114 
22 80 80 
67 108 50 
22 72 85 
67 30 98 
42 94 58 
41 100 92 
30 55 32 
36 69 98 
64 111 125 
44 28 44 
50 86 31 
1
5 10 10 10 10 10
4 10 10 10 10
3 10 10 10
1 10
1 10
5 10 10 10 10 10
3 10 10 10
4 10 10 10 10
2 10 10
2 10 10
2 10 10
3 10 10 10
4 10 10 10 10
3 10 10 10
1 10
2
5 10 10 10 10 10
4 10 10 10 10
3 10 10 10
1 10
1 10
5 10 10 10 10 10
3 10 10 10
4 10 10 10 10
2 10 10
2 10 10
2 10 10
3 10 10 10
4 10 10 10 10
3 10 10 10
1 10
3
5 10 10 10 10 10
4 10 10 10 10
3 10 10 10
1 10
1 10
5 10 10 10 10 10
3 10 10 10
4 10 10 10 10
2 10 10
2 10 10
2 10 10
3 10 10 10
4 10 10 10 10
3 10 10 10
1 10
4
5 10 10 10 10 10
4 10 10 10 10
3 10 10 10
1 10
1 10
5 10 10 10 10 10
3 10 10 10
4 10 10 10 10
2 10 10
2 10 10
2 10 10
3 10 10 10
4 10 10 10 10
3 10 10 10
1 10
5
5 10 10 10 10 10
4 10 10 10 10
3 10 10 10
1 10
1 10
5 10 10 10 10 10
3 10 10 10
4 10 10 10 10
2 10 10
2 10 10
2 10 10
3 10 10 10
4 10 10 10 10
3 10 10 10
1 10
6
5 10 10 10 10 10
4 10 10 10 10
3 10 10 10
1 10
1 10
5 10 10 10 10 10
3 10 10 10
4 10 10 10 10
2 10 10
2 10 10
2 10 10
3 10 10 10
4 10 10 10 10
3 10 10 10
1 10
7
5 10 10 10 10 10
4 10 10 10 10
3 10 10 10
1 10
1 10
5 10 10 10 10 10
3 10 10 10
4 10 10 10 10
2 10 10
2 10 10
2 10 10
3 10 10 10
4 10 10 10 10
3 10 10 10
1 10
8
5 10 10 10 10 10
4 10 10 10 10
3 10 10 10
1 10
1 10
5 10 10 10 10 10
3 10 10 10
4 10 10 10 10
2 10 10
2 10 10
2 10 10
3 10 10 10
4 10 10 10 10
3 10 10 10
1 10
9
5 10 10 10 10 10
4 10 10 10 10
3 10 10 10
1 10
1 10
5 10 10 10 10 10
3 10 10 10
4 10 10 10 10
2 10 10
2 10 10
2 10 10
3 10 10 10
4 10 10 10 10
3 10 10 10
1 10
10
5 10 10 10 10 10
4 10 10 10 10
3 10 10 10
1 10
1 10
5 10 10 10 10 10
3 10 10 10
4 10 10 10 10
2 10 10
2 10 10
2 10 10
3 10 10 10
4 10 10 10 10
3 10 10 10
1 10
11
5 10 10 10 10 10
4 10 10 10 10
3 10 10 10
1 10
1 10
5 10 10 10 10 10
3 10 10 10
4 10 10 10 10
2 10 10
2 10 10
2 10 10
3 10 10 10
4 10 10 10 10
3 10 10 10
1 10
12
5 10 10 10 10 10
4 10 10 10 10
3 10 10 10
1 10
1 10
5 10 10 10 10 10
3 10 10 10
4 10 10 10 10
2 10 10
2 10 10
2 10 10
3 10 10 10
4 10 10 10 10
3 10 10 10
1 10
13
5 10 10 10 10 10
4 10 10 10 10
3 10 10 10
1 10
1 10
5 10 10 10 10 10
3 10 10 10
4 10 10 10 10
2 10 10
2 10 10
2 10 10
3 10 10 10
4 10 10 10 10
3 10 10 10
1 10
14
5 10 10 10 10 10
4 10 10 10 10
3 10 10 10
1 10
1 10
5 10 10 10 10 10
3 10 10 10
4 10 10 10 10
2 10 10
2 10 10
2 10 10
3 10 10 10
4 10 10 10 10
3 10 10 10
1 10
15
5 10 10 10 10 10
4 10 10 10 10
3 10 10 10
1 10
1 10
5 10 10 10 10 10
3 10 10 10
4 10 10 10 10
2 10 10
2 10 10
2 10 10
3 10 10 10
4 10 10 10 10
3 10 10 10
1 10
16
5 10 10 10 10 10
4 10 10 10 10
3 10 10 10
1 10
1 10
5 10 10 10 10 10
3 10 10 10
4 10 10 10 10
2 10 10
2 10 10
2 10 10
3 10 10 10
4 10 10 10 10
3 10 10 10
1 10
17
5 10 10 10 10 10
4 10 10 10 10
3 10 10 10
1 10
1 10
5 10 10 10 10 10
3 10 10 10
4 10 10 10 10
2 10 10
2 10 10
2 10 10
3 10 10 10
4 10 10 10 10
3 10 10 10
1 10
18
5 10 10 10 10 10
4 10 10 10 10
3 10 10 10
1 10
1 10
5 10 10 10 10 10
3 10 10 10
4 10 10 10 10
2 10 10
2 10 10
2 10 10
3 10 10 10
4 10 10 10 10
3 10 10 10
1 10
19
5 10 10 10 10 10
4 10 10 10 10
3 10 10 10
1 10
1 10
5 10 10 10 10 10
3 10 10 10
4 10 10 10 10
2 10 10
2 10 10
2 10 10
3 10 10 10
4 10 10 10 10
3 10 10 10
1 10
20
5 10 10 10 10 10
4 10 10 10 10
3 10 10 10
1 10
1 10
5 10 10 10 10 10
3 10 10 10
4 10 10 10 10
2 10 10
2 10 10
2 10 10
3 10 10 10
4 10 10 10 10
3 10 10 10
1 10
21
5 10 10 10 10 10
4 10 10 10 10
3 10 10 10
1 10
1 10
5 10 10 10 10 10
3 10 10 10
4 10 10 10 10
2 10 10
2 10 10
2 10 10
3 10 10 10
4 10 10 10 10
3 10 10 10
1 10
22
5 10 10 10 10 10
4 10 10 10 10
3 10 10 10
1 10
1 10
5 10 10 10 10 10
3 10 10 10
4 10 10 10 10
2 10 10
2 10 10
2 10 10
3 10 10 10
4 10 10 10 10
3 10 10 10
1 10
23
5 10 10 10 10 10
4 10 10 10 10
3 10 10 10
1 10
1 10
5 10 10 10 10 10
3 10 10 10
4 10 10 10 10
2 10 10
2 10 10
2 10 10
3 10 10 10
4 10 10 10 10
3 10 10 10
1 10
24
5 10 10 10 10 10
4 10 10 10 10
3 10 10 10
1 10
1 10
5 10 10 10 10 10
3 10 10 10
4 10 10 10 10
2 10 10
2 10 10
2 10 10
3 10 10 10
4 10 10 10 10
3 10 10 10
1 10
25
5 10 10 10 10 10
4 10 10 10 10
3 10 10 10
1 10
1 10
5 10 10 10 10 10
3 10 10 10
4 10 10 10 10
2 10 10
2 10 10
2 10 10
3 10 10 10
4 10 10 10 10
3 10 10 10
1 10
26
5 10 10 10 10 10
4 10 10 10 10
3 10 10 10
1 10
1 10
5 10 10 10 10 10
3 10 10 10
4 10 10 10 10
2 10 10
2 10 10
2 10 10
3 10 10 10
4 10 10 10 10
3 10 10 10
1 10
27
5 10 10 10 10 10
4 10 10 10 10
3 10 10 10
1 10
1 10
5 10 10 10 10 10
3 10 10 10
4 10 10 10 10
2 10 10
2 10 10
2 10 10
3 10 10 10
4 10 10 10 10
3 10 10 10
1 10
28
5 10 10 10 10 10
4 10 10 10 10
3 10 10 10
1 10
1 10
5 10 10 10 10 10
3 10 10 10
4 10 10 10 10
2 10 10
2 10 10
2 10 10
3 10 10 10
4 10 10 10 10
3 10 10 10
1 10
29
5 10 10 10 10 10
4 10 10 10 10
3 10 10 10
1 10
1 10
5 10 10 10 10 10
3 10 10 10
4 10 10 10 10
2 10 10
2 10 10
2 10 10
3 10 10 10
4 10 10 10 10
3 10 10 10
1 10
30
5 10 10 10 10 10
4 10 10 10 10
3 10 10 10
1 10
1 10
5 10 10 10 10 10
3 10 10 10
4 10 10 10 10
2 10 10
2 10 10
2 10 10
3 10 10 10
4 10 10 10 10
3 10 10 10
1 10
5 5 5 
10 10 10 10 10 10 10 10 10 10 10 10 10 10 10 
540 810 480 870 900 870 510 840 840 930 960 660 570 840 960 
630 880 530 880 910 960 560 910 870 960 990 710 640 890 970 
420 420 420 
1080 1080 1080 
